!  
! R    D    M    P
1001
1.5000000000000004 52077137473.532715 0.0012205579095359235 -1235659563567.625
1.7985000000000004 30965066249.784344 407615174086.3286 -1211343321353.268
2.0970000000000004 19594597318.06838 757073699787.1959 -1164213728102.9302
2.3955000000000006 13015204904.460249 1058756908615.7062 -1109623634782.1096
2.6940000000000004 8988146132.155386 1321180070430.371 -1054172597736.6871
2.9925 6408987962.635993 1551168050532.1055 -1000723891854.2572
3.291000000000001 4694128385.830258 1754163230194.131 -950445779241.618
3.589500000000001 3517453048.8030686 1934516649549.1648 -903710948767.4904
3.888000000000001 2688057419.5928435 2095727522049.094 -860516133323.5538
4.1865000000000006 2089700983.7453034 2240630793374.9976 -820685755368.9346
4.485 1649172355.6017091 2371541357109.3403 -783973119654.6556
4.783500000000001 1318986624.040385 2490364404802.4136 -750111032669.8312
5.082000000000001 1067540797.7583977 2598679994689.845 -718836728576.4805
5.3805000000000005 873316397.6041099 2697808173790.257 -689903500529.5848
5.679000000000001 721360222.0052035 2788859447996.0234 -663085405524.5066
5.977500000000001 601089676.4342799 2872774178614.07 -638178388333.4282
6.276000000000002 504890714.1530956 2950353565349.7183 -614999609051.665
6.574500000000001 427202464.96695566 3022284195317.3413 -593385932835.0228
6.873000000000001 363907738.67490304 3089157637234.0273 -573192095165.8124
7.171500000000002 311919863.0662874 3151486192229.1616 -554288812786.909
7.4700000000000015 268897990.4277814 3209715641786.8516 -536560976658.9264
7.768500000000001 233047957.1687056 3264235632822.0063 -519905989716.7269
8.067000000000002 202981045.57487223 3315388190626.396 -504232272141.591
8.365500000000003 177612522.0835277 3363474738599.84 -489457935599.32855
8.664000000000001 156087879.97352028 3408761919352.0234 -475509617182.87604
8.9625 137728626.82120612 3451486447732.666 -462321458980.46844
9.261000000000001 121992025.5494673 3491859177406.4766 -449834217613.3973
9.559500000000002 108440908.72981161 3530068524931.5913 -437994488234.99396
9.858000000000002 96720840.89092678 3566283366136.8867 -426754028491.5022
10.156500000000001 86542693.3909341 3600655496866.6597 -416069169328.96796
10.455000000000002 77669242.88026643 3633321732342.465 -405900301019.146
10.7535 69904786.7153916 3664405705339.438 -396211424228.8047
11.052000000000001 63087038.99261194 3694019412229.5947 -386969757300.3187
11.350500000000002 57080763.872172095 3722264547057.666 -378145392117.87866
11.649000000000001 51772741.954124235 3749233656691.63 -369710991996.5927
11.947500000000002 47067766.5930518 3775011144351.4907 -361641525956.79034
12.246000000000002 42885441.17699471 3799674144174.636 -353914034544.39526
12.544500000000003 39157603.18024425 3823293285698.45 -346507423043.9555
12.843000000000004 35826241.58757047 3845933364055.069 -339402278517.8048
13.141500000000002 32841804.87239492 3867653929141.749 -332580707606.1256
13.440000000000003 30161819.80216633 3888509804945.1104 -326026192450.46045
13.738500000000004 27749758.890446607 3908551548473.0464 -319723462468.16833
14.037000000000003 25574107.731083453 3927825856316.5586 -313658380016.7556
14.335500000000003 23607593.768478908 3946375925671.013 -307817838252.97394
14.634000000000004 21826546.039428707 3964241775648.9873 -302189669718.91907
14.932500000000003 20210361.629210003 3981460533880.1646 -296762564381.94995
15.231000000000003 18741059.437080607 3998066692689.3916 -291525996022.01373
15.529500000000002 17402905.658727314 4014092338549.29 -286470156003.1174
15.828000000000003 16182098.40276585 4029567358000.0664 -281585893588.7644
16.126500000000004 15066501.245149255 4044519622801.238 -276864662067.17505
16.425 14045417.426552285 4058975156715.4136 -272298470043.55588
16.723500000000005 13109397.91869895 4072958286012.865 -267879837335.71677
17.022000000000002 12250077.80725635 4086491775518.8125 -263601754977.761
17.320500000000003 11460036.424089309 4099596951796.299 -259457648895.91776
17.619000000000003 10732677.45916697 4112293814860.283 -255441346872.15433
17.917500000000004 10062125.930359976 4124601139648.3784 -251547048456.08646
18.216000000000005 9443139.417683069 4136536568326.436 -247769297524.8422
18.5145 8871031.400787456 4148116694379.528 -244102957224.718
18.813000000000002 8341604.893334381 4159357139327.964 -240543187058.37442
19.111500000000003 7851094.860087728 4170272622811.4043 -237085421907.53662
19.410000000000004 7396118.143949248 4180877026699.865 -233725352804.17517
19.708500000000004 6973629.830163972 4191183453816.724 -230458909283.38626
20.007 6580885.141122906 4201204281794.299 -227282243169.01074
20.305500000000002 6215406.0936892675 4210951212525.915 -224191713658.76218
20.604000000000003 5874952.26670685 4220435317628.568 -221183873589.52573
20.902500000000003 5557495.123313661 4229667080286.398 -218255456775.7879
21.201000000000004 5261195.414134767 4238656433806.486 -215403366325.0529
21.4995 4984383.2560184905 4247412797184.2295 -212624663843.77502
21.798000000000002 4725540.538881126 4255945107945.283 -209916559455.93347
22.096500000000002 4483285.362219085 4264261852504.127 -207276402564.02618
22.395000000000003 4256358.244398945 4272371094255.501 -204701673289.08447
22.693500000000004 4043609.8831553864 4280280499593.682 -202189974532.3936
22.992 3843990.2758139595 4287997362035.65 -199739024607.04816
23.2905 3656539.0334400074 4295528624607.3345 -197346650392.34073
23.589000000000002 3480376.745086279 4302880900637.04 -195010780968.34402
23.887500000000003 3314697.267144327 4310060493086.6406 -192729441691.96164
24.186000000000007 3158760.828978987 4317073412539.0693 -190500748679.24127
24.484500000000008 3011887.8599425983 4323925393949.758 -188322903661.90213
24.783000000000005 2873453.4548635827 4330621912259.955 -186194189188.88104
25.081500000000005 2742882.4054659675 4337168196961.086 -184112964146.2659
25.380000000000006 2619644.734141475 4343569245691.4175 -182077659571.30118
25.678500000000007 2503251.674265477 4349829836939.1924 -180086774738.24802
25.977000000000007 2393252.0479934798 4355954541919.9634 -178138873495.76645
26.275500000000005 2289228.998340287 4361947735690.06 -176232580837.2116
26.574000000000005 2190797.0374527797 4367813607552.8716 -174366579686.78003
26.872500000000006 2097599.377443919 4373556170809.875 -172539607885.85968
27.171000000000006 2009305.5140493168 4379179271904.0254 -170750455365.21185
27.469500000000007 1925609.0367748556 4384686598999.2095 -168997961489.7806
27.768000000000008 1846225.6421894545 4390081690035.9214 -167281012563.9827
28.066500000000005 1770891.3296372085 4395367940300.068 -165598539486.2984
28.365000000000006 1699360.7609456452 4400548609538.884 -163949515542.86032
28.663500000000006 1631405.7677331525 4405626828655.254 -162332954330.54135
28.962000000000007 1566813.9917041603 4410605606009.274 -160747907800.77573
29.260500000000008 1505387.6448961855 4415487833353.685 -159193464416.02063
29.559000000000005 1446942.3782348405 4420276291427.728 -157668747411.37225
29.857500000000005 1391306.2479842845 4424973655232.16 -156172913154.41895
30.156000000000006 1338318.7707712888 4429582499006.392 -154705149596.92395
30.454500000000007 1287830.0588282775 4434105300927.206 -153264674812.40604
30.753000000000007 1239700.0279595088 4438544447547.056 -151850735614.1161
31.051500000000004 1193797.6714978768 4442902237988.6 -150462606248.30856
31.350000000000005 1150000.394199157 4447180887910.971 -149099587158.07205
31.648500000000006 1108193.4006257604 4451382533262.132 -147761003813.31943
31.947000000000006 1068269.1331118336 4455509233830.638 -146446205602.84988
32.24550000000001 1030126.7548835528 4459562976609.227 -145154564784.67804
32.544000000000004 993671.6743392374 4463545678981.747 -143885475491.09372
32.84250000000001 958815.1068793851 4467459191744.156 -142638352785.15222
33.141000000000005 925473.6710219668 4471305301969.577 -141412631765.52814
33.4395 893569.0158478392 4475085735726.7295 -140207766716.86414
33.73800000000001 863027.4770989524 4478802160660.402 -139023230302.9477
34.036500000000004 833779.7595015515 4482456188442.073 -137858512800.21686
34.33500000000001 805760.6431109534 4486049377098.235 -136713121369.26796
34.633500000000005 778908.7116764532 4489583233223.483 -135586579362.18698
34.93200000000001 753166.1012068028 4493059214084.958 -134478425663.66814
35.230500000000006 728478.2670807719 4496478729624.329 -133388214064.01456
35.529 704793.768195296 4499843144363.075 -132315512662.23723
35.82750000000001 682064.0667774605 4503153779216.479 -131259903297.5837
36.126000000000005 660243.3426074121 4506411913221.385 -130220981007.9268
36.42450000000001 639288.3205086653 4509618785182.4795 -129198353513.55031
36.723000000000006 619158.1100613101 4512775595241.5205 -128191640724.95094
37.0215 599814.0565833547 4515883506373.716 -127200474273.36621
37.32000000000001 581219.6025068582 4518943645815.136 -126224497062.81367
37.618500000000004 563340.1583493868 4521957106424.867 -125263362842.50226
37.91700000000001 546142.9825484401 4524924947985.346 -124316735798.542
38.215500000000006 529597.0694875334 4527848198444.111 -123384290163.94722
38.514 513673.04509811365 4530727855100.065 -122465709845.98256
38.81250000000001 498343.06947204756 4533564885737.066 -121560688069.95995
39.111000000000004 483580.74596546777 4536360229707.608 -120668927038.64807
39.40950000000001 469361.0363167409 4539114798969.096 -119790137606.49933
39.708000000000006 455660.181339655 4541829479075.136 -118924038967.9506
40.0065 442455.62678788084 4544505130124.102 -118070358359.0926
40.30500000000001 429725.95401874033 4547142587667.101 -117228830772.0461
40.603500000000004 417450.81511352875 4549742663577.363 -116399198681.41568
40.90200000000001 405610.8721383721 4552306146882.942 -115581211782.23286
41.200500000000005 394187.74025408586 4554833804564.527 -114774626738.82715
41.499 383163.9344059104 4557326382320.06 -113979206944.10017
41.79750000000001 372522.81934456876 4559784605297.752 -113194722288.70096
42.096000000000004 362248.56274893216 4562209178799.02 -112420948939.63411
42.39450000000001 352326.0912378888 4564600788952.768 -111657669127.85092
42.693000000000005 342741.0490749076 4566960103362.363 -110904670944.40485
42.9915 333479.7593833815 4569287771726.602 -110161748144.76831
43.290000000000006 324529.18770427274 4571584426435.86 -109428699960.93517
43.5885 315876.9077399312 4573850683144.588 -108705330920.9472
43.88700000000001 307511.0691393251 4576087141321.237 -107991450675.5081
44.185500000000005 299420.36719040957 4578294384776.642 -107286873831.35986
44.484 291594.0142949944 4580472982171.845 -106591419791.11655
44.782500000000006 284021.7131103901 4582623487506.283 -105904912599.26758
45.081 276693.631250312 4584746440587.226 -105227180794.07195
45.37950000000001 269600.3774451036 4586842367481.288 -104558057265.08492
45.678000000000004 262732.9790683485 4588911780948.815 -103897379116.06813
45.97650000000001 256082.86094339887 4590955180861.905 -103244987533.04674
46.275000000000006 249641.8253493404 4592973054606.761 -102600727657.29114
46.5735 243402.03315143447 4594965877471.069 -101964448463.00842
46.87200000000001 237355.9859862113 4596934113017.051 -101336002639.5428
47.170500000000004 231496.50943611868 4598878213440.786 -100715246477.8916
47.46900000000001 225816.7371330259 4600798619918.421 -100102039761.35434
47.767500000000005 220310.09573395815 4602695762939.781 -99496245660.13867
48.06600000000001 214970.2907162023 4604570062629.955 -98897730629.75902
48.364500000000014 209791.2929424352 4606421929059.326 -98306364313.06937
48.66300000000001 204767.32594977188 4608251762542.546 -97722019445.7791
48.961500000000015 199892.85391964723 4610059953926.906 -97144571765.30765
49.26000000000001 195162.57028825575 4611846884870.54 -96573899922.84338
49.55850000000001 190571.3869598705 4613612928110.871 -96009885398.4735
49.85700000000001 186114.42408779345 4615358447723.714 -95452412419.26242
50.15550000000001 181787.00038994037 4617083799373.386 -94901367880.15973
50.454000000000015 177584.62396815862 4618789330554.213 -94356641267.62306
50.75250000000001 173502.98360233556 4620475380823.759 -93818124585.85007
51.05100000000001 169537.94049216696 4622142282028.109 -93285712285.51332
51.34950000000001 165685.5204211577 4623790358519.532 -92759301194.9018
51.64800000000001 161941.9063190009 4625419927366.798 -92238790453.37514
51.946500000000015 158303.4311999576 4627031298558.468 -91724081447.03801
52.24500000000001 154766.57145623743 4628624775199.405 -91215077746.55084
52.54350000000001 151327.9404866573 4630200653700.779 -90711685046.9938
52.84200000000001 147984.28264205967 4631759223963.813 -90213811109.70656
53.14050000000001 144732.46747008787 4633300769557.509 -89721365706.02646
53.439000000000014 141569.48424296148 4634825567890.586 -89234260562.85468
53.73750000000001 138492.4367528757 4636333890377.845 -88752409309.98128
54.036000000000016 135498.53836055828 4637826002601.171 -88275727429.10344
54.33450000000001 132585.1072833776 4639302164465.379 -87804132204.47264
54.63300000000001 129749.56211019144 4640762630349.081 -87337542675.11217
54.931500000000014 126989.41753087897 4642207649250.773 -86875879588.54474
55.23000000000001 124302.28026919848 4643637464930.319 -86419065355.97758
55.528500000000015 121685.8452082698 4645052316045.977 -85967024008.88916
55.82700000000001 119137.8916985999 4646452436287.165 -85519681156.96846
56.12550000000001 116656.28003914312 4647838054503.093 -85076963947.35684
56.424000000000014 114238.94812243417 4649209394827.417 -84638801025.1466
56.72250000000001 111883.90823533578 4650566676799.071 -84205122495.0896
57.021000000000015 109589.24400742294 4651910115479.394 -83775859884.47629
57.31950000000001 107353.1074994723 4653239921565.695 -83350946107.13902
57.61800000000001 105173.71642494493 4654556301501.383 -82930315428.54413
57.91650000000001 103049.35149774769 4655859457582.7705 -82513903431.93292
58.21500000000001 100978.35389992785 4657149588062.684 -82101646985.47408
58.513500000000015 98959.12286330454 4658426887250.981 -81693484210.39447
58.81200000000001 96990.11335937085 4659691545612.082 -81289354450.0532
59.11050000000001 95069.83389210563 4660943749859.623 -80889198239.92648
59.40900000000001 93196.84438862748 4662183683048.327 -80492957278.4726
59.70750000000001 91369.75418289518 4663411524663.185 -80100574398.84738
60.006000000000014 89587.22008791541 4664627450706.046 -79711993541.44052
60.30450000000001 87847.94455216362 4665831633779.701 -79327159727.20567
60.60300000000001 86150.67389614823 4667024243169.53 -78946019031.75671
60.90150000000001 84494.19662526749 4668205444922.825 -78568518560.20665
61.20000000000001 82877.34181530827 4669375401925.833 -78194606422.72273
61.498500000000014 81298.97756712754 4670534273978.617 -77824231710.77438
61.79700000000001 79758.00952723985 4671682217867.804 -77457344474.05106
62.09550000000001 78253.37947120031 4672819387437.27 -77093895698.02948
62.39400000000001 76784.06394683736 4673945933656.861 -76733837282.1669
62.69250000000001 75349.0729745376 4675062004689.192 -76377122018.70206
62.991000000000014 73947.44880192976 4676167745954.586 -76023703572.04189
63.28950000000001 72578.26471045022 4677263300194.222 -75673536458.7183
63.58800000000001 71240.62387139887 4678348807531.552 -75326576027.89433
63.88650000000001 69933.65824921537 4679424405532.03 -74982778442.4019
64.18500000000002 68656.52754982092 4680490229261.213 -74642100660.29709
64.4835 67408.41821197607 4681546411341.288 -74304500416.91333
64.78200000000001 66188.54243970886 4682593082006.072 -73969936207.39891
65.08050000000001 64996.13727396429 4683630369154.532 -73638367269.7228
65.379 63830.463701715315 4684658398402.874 -73309753568.13524
65.67750000000001 62690.805800863665 4685677293135.241 -72984055777.06639
65.97600000000001 61576.469919340816 4686687174553.07 -72661235265.45383
66.27450000000002 60486.78388689458 4687688161723.139 -72341254081.48082
66.57300000000001 59421.0962581228 4688680371624.356 -72024074937.71642
66.87150000000001 58378.77558538307 4689663919193.326 -71709661196.64406
67.17000000000002 57359.20972027474 4690638917368.714 -71397976856.56581
67.4685 56361.80514245043 4691605477134.479 -71088986537.87247
67.76700000000001 55385.986314574126 4692563707561.97 -70782655469.6675
68.06550000000001 54431.19506229987 4693513715850.952 -70478949476.73485
68.36400000000002 53496.88997819609 4694455607369.576 -70177834966.83966
68.66250000000001 52582.54584859327 4695389485693.33 -69879278918.35336
68.96100000000001 51687.65310237914 4696315452642.995 -69583248868.19061
69.25950000000002 50811.71728081209 4697233608321.65 -69289712900.05339
69.558 49954.258527465245 4698144051150.738 -68998639632.96893
69.85650000000001 49114.81109745606 4699046877905.229 -68709998210.11536
70.15500000000002 48292.92288515479 4699942183747.901 -68423758287.92579
70.4535 47488.154969601215 4700830062262.781 -68139890025.46348
70.75200000000001 46700.08117689556 4701710605487.736 -67858364074.059135
71.05050000000001 45928.28765886229 4702583903946.278 -67579151567.20439
71.34900000000002 45172.372487316636 4703450046678.58 -67302224110.691826
71.64750000000001 44431.94526329516 4704309121271.731 -67027553772.997314
71.94600000000001 43706.626740639025 4705161213889.26 -66755113075.89568
72.24450000000002 42996.048463347346 4706006409299.934 -66484874985.30396
72.543 42299.85241614233 4706844790905.869 -66216812902.34555
72.84150000000001 41617.690687714094 4707676440769.961 -65950900654.629265
73.14000000000001 40949.225146136065 4708501439642.65 -65687112487.73713
73.4385 40294.127125963765 4709319866988.064 -65425423056.91577
73.73700000000001 39652.07712655176 4710131801009.518 -65165807418.96398
74.03550000000001 39022.76452114405 4710937318674.425 -64908241024.313934
74.33400000000002 38405.88727631131 4711736495738.615 -64652699709.29738
74.63250000000001 37801.15168132851 4712529406770.078 -64399159688.59435
74.93100000000001 37208.27208710244 4713316125172.156 -64147597547.85802
75.22950000000002 36626.9706542768 4714096723206.1875 -63897990236.512184
75.528 36056.977110157255 4714871272013.633 -63650315060.71469
75.82650000000001 35498.028514114696 4715639841637.682 -63404549676.484726
76.12500000000001 34949.86903113999 4716402501044.368 -63160672082.98702
76.4235 34412.24971323588 4717159318143.189 -62918660615.97139
76.72200000000001 33884.928288346266 4717910359807.2705 -62678493941.36193
77.02050000000001 33367.66895653542 4718655691893.047 -62440151048.99126
77.31900000000002 32860.24219314089 4719395379259.522 -62203611246.477745
77.6175 32362.42455863662 4720129485787.071 -61968854153.24131
77.91600000000001 31873.998514952444 4720858074395.833 -61735859694.65311
78.21450000000002 31394.752248008037 4721581207063.683 -61504608096.31644
78.513 30924.47949622786 4722298944843.804 -61275079878.47645
78.81150000000001 30462.979384814294 4723011347881.87 -61047255850.55307
79.11000000000001 30010.056265565072 4723718475432.843 -60821117105.79618
79.40850000000002 29565.51956202936 4724420385877.396 -60596645016.058365
79.70700000000001 29129.183619805714 4725117136737.988 -60373821226.68228
80.00550000000001 28700.867561792817 4725808784694.564 -60152627651.501495
80.30400000000002 28280.39514821171 4726495385599.932 -59933046467.948944
80.6025 27867.594641225256 4727176994494.789 -59715060112.27365
80.90100000000001 27462.298673987632 4727853665622.437 -59498651274.85977
81.19950000000001 27064.344123963703 4728525452443.155 -59283802895.64773
81.498 26673.571990363725 4729192407648.297 -59070498159.65285
81.79650000000001 26289.82727554551 4729854583174.045 -58858720492.58222
82.09500000000001 25912.958870242095 4730512030214.906 -58648453556.54301
82.39350000000002 25542.819442477958 4731164799236.896 -58439681245.84416
82.69200000000001 25179.265330042675 4731812939990.452 -58232387682.8856
82.99050000000001 24822.156436395955 4732456501523.069 -58026557214.13583
83.28900000000002 24471.35612988274 4733095532191.677 -57822174406.19336
83.5875 24126.731146141814 4733730079674.742 -57619224041.93161
83.88600000000001 23788.151493595855 4734360190984.133 -57417691116.724106
84.18450000000001 23455.490361915417 4734985912476.723 -57217560834.74837
84.483 23128.62403335287 4735607289865.758 -57018818605.36718
84.78150000000001 22807.43179684693 4736224368231.991 -56821450039.58434
85.08000000000001 22491.795864801927 4736837192034.582 -56625440946.57368
85.37850000000002 22181.601292449344 4737445805121.7705 -56430777330.28002
85.677 21876.73589970321 4738050250741.338 -56237445386.089134
85.97550000000001 21577.090195423647 4738650571550.848 -56045431497.56648
86.27400000000002 21282.557304006696 4739246809627.681 -55854722233.2615
86.5725 20993.032894221084 4739839006478.862 -55665304343.5778
86.87100000000001 20708.41511021575 4740427203050.699 -55477164757.70579
87.16950000000001 20428.604504625073 4741011439738.208 -55290290580.61817
87.468 20153.50397370087 4741591756394.37 -55104669090.12425
87.76650000000001 19883.018694403276 4742168192339.184 -54920287733.9854
88.06500000000001 19617.056063385113 4742740786368.552 -54737134127.085724
88.36350000000002 19355.52563780643 4743309576762.98 -54555196048.66139
88.662 19098.3390779186 4743874601296.109 -54374461439.58294
88.96050000000001 18845.41009135921 4744435897243.076 -54194918399.69258
89.25900000000001 18596.654379101496 4744993501388.708 -54016555185.193504
89.5575 18351.989583003742 4745547450035.559 -53839360206.09008
89.85600000000001 18111.335234906175 4746097779011.788 -53663322023.679146
90.15450000000001 17874.612707225006 4746644523678.883 -53488429348.089455
90.45300000000002 17641.745164994536 4747187718939.231 -53314671035.86917
90.75150000000001 17412.657519310633 4747727399243.551 -53142036087.61989
91.05000000000001 17187.276382129912 4748263598598.166 -52970513645.67719
91.34850000000002 16965.530022381285 4748796350572.158 -52800092991.83521
91.647 16747.348323347276 4749325688304.362 -52630763545.11419
91.94550000000001 16532.66274127463 4749851644510.242 -52462514859.57281
92.24400000000001 16321.406265175021 4750374251488.63 -52295336622.160515
92.5425 16113.513377777717 4750893541128.335 -52129218650.6108
92.84100000000001 15908.920017597831 4751409544914.631 -51964150891.37512
93.13950000000001 15707.56354208481 4751922293935.617 -51800123417.59614
93.43800000000002 15509.38269181705 4752431818888.466 -51637126427.11754
93.7365 15314.31755570977 4752938150085.539 -51475150240.53332
94.03500000000001 15122.309537204363 4753441317460.41 -51314185299.2712
94.33350000000002 14933.301321408664 4753941350573.753 -51154222163.714714
94.632 14747.236843158315 4754438278619.135 -50995251511.35745
94.93050000000001 14564.061255970779 4754932130428.696 -50837264134.99323
95.22900000000001 14383.720901864373 4755422934478.7295 -50680250940.939224
95.5275 14206.163282015514 4755910718895.1455 -50524202947.29176
95.82600000000001 14031.337028228445 4756395511458.851 -50369111282.21428
96.12450000000003 13859.191875192613 4756877339611.022 -50214967182.25676
96.42300000000003 13689.678633503445 4757356230458.281 -50061761990.7059
96.72150000000002 13522.74916342339 4757832210777.775 -49909487155.9649
97.02000000000002 13358.356349360598 4758305307022.174 -49758134229.96313
97.31850000000003 13196.454075043675 4758775545324.5625 -49607694866.59411
97.61700000000002 13036.997199371306 4759242951503.258 -49458160820.182274
97.91550000000002 12879.941532916475 4759707551066.534 -49309523943.976944
98.21400000000003 12725.243815065736 4760169369217.258 -49161776188.67312
98.51250000000003 12572.86169177433 4760628430857.448 -49014909600.9597
98.81100000000002 12422.753693918941 4761084760592.753 -48868916322.09179
99.10950000000003 12274.879216230167 4761538382736.844 -48723788586.490776
99.40800000000003 12129.198496787652 4761989321315.731 -48579518720.36675
99.70650000000002 11985.672597061095 4762437600072.014 -48436099140.36733
100.00500000000002 11844.263382481084 4762883242469.034 -48293522352.24892
100.30350000000003 11704.933503524235 4763326271694.981 -48151780949.57195
100.60200000000002 11567.64637729748 4763766710666.908 -48010867612.4189
100.90050000000002 11432.36616960688 4764204582034.686 -47870775106.13469
101.19900000000003 11299.05777749699 4764639908184.88 -47731496280.08842
101.49750000000003 11167.686812246922 4765072711244.57 -47593024066.45839
101.79600000000002 11038.219582809983 4765503013085.102 -47455351479.035614
102.09450000000002 10910.623079684001 4765930835325.763 -47318471612.0502
102.39300000000003 10784.864959200002 4766356199337.406 -47182377639.01692
102.69150000000002 10660.91352821717 4766779126246.014 -47047062811.600464
102.99000000000002 10538.7377292124 4767199636936.187 -46912520458.50044
103.28850000000003 10418.307125753312 4767617752054.586 -46778743984.35555
103.58700000000002 10299.591888343653 4768033492013.31 -46645726868.66616
103.88550000000002 10182.562780630593 4768446876993.218 -46513462664.7354
104.18400000000003 10067.191145963658 4768857926947.193 -46381944998.62787
104.48250000000003 9953.448894295329 4769266661603.355 -46251167568.145874
104.78100000000002 9841.308489413734 4769673100468.214 -46121124141.82345
105.07950000000002 9730.742936498029 4770077262829.772 -45991808557.936554
105.37800000000003 9621.725769987572 4770479167760.579 -45863214723.53077
105.67650000000002 9514.231041755933 4770878834120.728 -45735336613.4643
105.97500000000002 9408.233309581403 4771276280560.806 -45608168269.467026
106.27350000000003 9303.707625905725 4771671525524.797 -45481703799.21552
106.57200000000003 9200.629526873021 4772064587252.934 -45355937375.42351
106.87050000000002 9098.97502164122 4772455483784.503 -45230863234.94722
107.16900000000003 8998.72058195846 4772844232960.605 -45106475677.90468
107.46750000000003 8899.843131997224 4773230852426.869 -44982769066.81086
107.76600000000002 8802.320038439084 4773615359636.12 -44859737825.725624
108.06450000000002 8706.129100803233 4773997771851.011 -44737376439.41672
108.36300000000003 8611.248542012223 4774378106146.596 -44615679452.535515
108.66150000000002 8517.656999188372 4774756379412.882 -44494641468.80679
108.96000000000002 8425.333514674605 4775132608357.322 -44374257150.231384
109.25850000000003 8334.257527273761 4775506809507.279 -44254521216.30138
109.55700000000003 8244.40886370034 4775878999212.443 -44135428443.22822
109.85550000000002 8155.76773023907 4776249193647.212 -44016973663.18408
110.15400000000002 8068.314704604711 4776617408813.037 -43899151763.55358
110.45250000000003 7982.030727997759 4776983660540.727 -43781957686.19875
110.75100000000002 7896.897097350759 4777347964492.714 -43665386426.73582
111.04950000000002 7812.8954577602135 4777710336165.291 -43549433033.82255
111.34800000000003 7730.007795099151 4778070790890.808 -43434092608.45771
111.64650000000002 7648.216428805566 4778429343839.828 -43319360303.29101
111.94500000000002 7567.504004842069 4778786010023.264 -43205231321.944916
112.24350000000003 7487.853488822325 4779140804294.469 -43091700918.345665
112.54200000000003 7409.248159299783 4779493741351.297 -42978764396.06598
112.84050000000002 7331.6716012145625 4779844835738.136 -42866417107.67773
113.13900000000002 7255.107699494261 4780194101847.903 -42754654454.11413
113.43750000000003 7179.540632804796 4780541553924.01 -42643471884.0428
113.73600000000002 7104.954867447261 4780887206062.305 -42532864893.24847
114.03450000000002 7031.335151397096 4781231072212.971 -42422829024.023605
114.33300000000003 6958.666508481879 4781573166182.407 -42313359864.571175
114.63150000000002 6886.934232694137 4781913501635.078 -42204453048.41433
114.93000000000002 6816.123882635734 4782252092095.329 -42096104253.81607
115.22850000000003 6746.221276090454 4782588950949.178 -41988309203.20783
115.52700000000003 6677.212484721512 4782924091446.082 -41881063662.62707
115.82550000000002 6609.08382889078 4783257526700.671 -41774363441.1622
116.12400000000002 6541.821872596645 4783589269694.462 -41668204390.40765
116.42250000000003 6475.41341852751 4783919333277.542 -41562582403.92616
116.72100000000002 6409.8455032279735 4784247730170.225 -41457493416.71944
117.01950000000002 6345.105392374857 4784574472964.688 -41352933404.70633
117.31800000000003 6281.1805761603355 4784899574126.583 -41248898384.20975
117.61650000000003 6218.058764779436 4785223045996.617 -41145384411.45106
117.91500000000002 6155.727884019345 4785544900792.117 -41042387582.05164
118.21350000000002 6094.176070947892 4785865150608.565 -40939904030.54192
118.51200000000003 6033.391669698874 4786183807421.119 -40837929929.87821
118.81050000000002 5973.363227351654 4786500883086.099 -40736461490.96654
119.10900000000002 5914.079489902814 4786816389342.458 -40635494962.19281
119.40750000000003 5855.529398327529 4787130337813.238 -40535026628.96131
119.70600000000002 5797.702084728459 4787442740006.988 -40435052813.23872
120.00450000000002 5740.586868570001 4787753607319.177 -40335569873.1061
120.30300000000003 5684.173252995813 4788062951033.571 -40236574202.31586
120.60150000000003 5628.450921227553 4788370782323.612 -40138062229.85696
120.90000000000002 5573.409733042875 4788677112253.748 -40040030419.52453
121.19850000000002 5519.039721330693 4788981951780.77 -39942475269.4982
121.49700000000003 5465.331088721926 4789285311755.11 -39845393311.92464
121.79550000000002 5412.274204293789 4789587202922.137 -39748781112.50605
122.09400000000002 5359.859600345918 4789887635923.417 -39652635270.09608
122.39250000000003 5308.077969246577 4790186621297.969 -39556952416.30099
122.69100000000002 5256.9201603472475 4790484169483.495 -39461729215.08569
122.98950000000002 5206.377176963961 4790780290817.596 -39366962362.386696
123.28800000000003 5156.440173423793 4791074995538.965 -39272648585.72973
123.58650000000003 5107.100452174926 4791368293788.574 -39178784643.852875
123.88500000000002 5058.349460958799 4791660195610.831 -39085367326.33627
124.18350000000002 5010.178790042818 4791950710954.731 -38992393453.23521
124.48200000000003 4962.580169512276 4792239849674.982 -38899859874.71987
124.78050000000002 4915.54546661997 4792527621533.123 -38807763470.719475
125.07900000000002 4869.066683192217 4792814036198.619 -38716101150.57203
125.37750000000003 4823.135953089956 4793099103249.948 -38624869852.67833
125.67600000000002 4777.745539723576 4793382832175.666 -38534066544.161255
125.97450000000002 4732.887833620255 4793665232375.459 -38443688220.52985
126.27300000000002 4688.555350042577 4793946313161.184 -38353731905.348076
126.57150000000003 4644.740726657212 4794226083757.889 -38264194649.90768
126.87000000000002 4601.436721252501 4794504553304.825 -38175073532.906654
127.16850000000002 4558.636209503815 4794781730856.44 -38086365660.131485
127.46700000000003 4516.332182785564 4795057625383.362 -37998068164.14361
127.76550000000002 4474.517746028798 4795332245773.363 -37910178203.970764
128.06400000000002 4433.186115623316 4795605600832.314 -37822692964.80214
128.36250000000004 4392.330617363306 4795877699285.132 -37735609657.68818
128.66100000000003 4351.944684435457 4796148549776.699 -37648925519.24423
128.95950000000002 4312.021855448604 4796418160872.786 -37562637811.35834
129.258 4272.555772503958 4796686541060.951 -37476743820.90272
129.55650000000003 4233.540179304983 4796953698751.432 -37391240859.44999
129.85500000000002 4194.968919306026 4797219642278.0205 -37306126262.99203
130.15350000000004 4156.835933898783 4797484379898.9375 -37221397391.66422
130.45200000000003 4119.1352606358205 4797747919797.678 -37137051629.47161
130.75050000000002 4081.8610314902235 4798010270083.862 -37053086384.020676
131.04900000000004 4045.0074711506186 4798271438794.0625 -36969499086.253
131.34750000000003 4008.5688953507683 4798531433892.625 -36886287190.184006
131.64600000000002 3972.5397092329044 4798790263272.48 -36803448172.64381
131.94450000000003 3936.9144057441285 4799047934755.942 -36720979533.02292
132.24300000000002 3901.6875640650837 4799304456095.493 -36638878793.019966
132.5415 3866.85384807017 4799559834974.565 -36557143496.39439
132.84000000000003 3832.40800481865 4799814079008.305 -36475771208.720474
133.13850000000002 3798.344863075928 4800067195744.33 -36394759517.146706
133.437 3764.6593318643068 4800319192663.479 -36314106030.15644
133.73550000000003 3731.3463990426308 4800570077180.543 -36233808377.33362
134.03400000000002 3698.4011299141407 4800819856644.999 -36153864209.12954
134.3325 3665.818665861902 4801068538341.724 -36074271196.63439
134.63100000000003 3633.5942230112473 4801316129491.702 -35995027031.35099
134.92950000000002 3601.723090918611 4801562637252.728 -35916129424.971535
135.22800000000004 3570.2006312861645 4801808068720.09 -35837576109.157776
135.52650000000003 3539.0222767017463 4802052430927.258 -35759364835.32283
135.82500000000002 3508.18352940345 4802295730846.55 -35681493374.41773
136.12350000000004 3477.6799600684153 4802537975389.797 -35603959516.7191
136.42200000000003 3447.507206625265 4802779171409.0 -35526761071.62006
136.72050000000002 3417.6609730896457 4803019325696.971 -35449895867.42426
137.01900000000003 3388.1370284224263 4803258444987.974 -35373361751.1419
137.31750000000002 3358.931205410045 4803496535958.354 -35297156588.2895
137.616 3330.0393995665017 4803733605227.156 -35221278262.69071
137.91450000000003 3301.457568056573 4803969659356.747 -35145724676.28078
138.21300000000002 3273.1817286397877 4804204704853.406 -35070493748.91335
138.5115 3245.2079586346717 4804438748167.938 -34995583418.16924
138.81000000000003 3217.532393902904 4804671795696.254 -34920991639.16856
139.10850000000002 3190.151227852919 4804903853779.953 -34846716384.383934
139.407 3163.060710462516 4805134928706.907 -34772755643.45755
139.70550000000003 3136.2571473201424 4805365026711.817 -34699107423.01922
140.00400000000002 3109.7368986844026 4805594153976.783 -34625769746.50796
140.3025 3083.4963785614073 4805822316631.853 -34552740653.99422
140.60100000000003 3057.532053799631 4806049520755.568 -34480018202.00668
140.89950000000002 3031.840443201869 4806275772375.507 -34407600463.35863
141.19800000000004 3006.418116653937 4806501077468.817 -34335485526.978325
141.49650000000003 2981.261694269804 4806725441962.739 -34263671497.741093
141.79500000000002 2956.3678455527534 4806948871735.129 -34192156496.30278
142.09350000000003 2931.733288572291 4807171372614.97 -34120938658.936363
142.39200000000002 2907.354789156459 4807392950382.879 -34050016137.369858
142.69050000000001 2883.229160099205 4807613610771.609 -33979387098.626625
142.98900000000003 2859.35326038254 4807833359466.544 -33909049724.86691
143.28750000000002 2835.7239944131625 4808052202106.183 -33839002213.232635
143.586 2812.3383112732213 4808270144282.627 -33769242775.69332
143.88450000000003 2789.19320398498 4808487191542.052 -33699769638.89327
144.18300000000002 2766.2857087890634 4808703349385.182 -33630581044.002106
144.4815 2743.6129044359986 4808918623267.752 -33561675246.566135
144.78000000000003 2721.1719114908105 4809133018600.967 -33493050516.3612
145.07850000000002 2698.9598916503896 4809346540751.956 -33424705137.249027
145.377 2676.974047073357 4809559195044.222 -33356637407.033028
145.67550000000003 2655.211619722197 4809770986758.077 -33288845637.317898
145.97400000000002 2633.669890717412 4809981921131.09 -33221328153.36946
146.27250000000004 2612.346179703404 4810192003358.508 -33154083293.976814
146.57100000000003 2591.237844225937 4810401238593.691 -33087109411.31666
146.86950000000002 2570.342279120843 4810609631948.528 -33020404870.818226
147.16800000000003 2549.6569159138367 4810817188493.8545 -32953968051.03031
147.46650000000002 2529.179222231157 4811023913259.866 -32887797343.489807
147.76500000000001 2508.906701220837 4811229811236.5205 -32821891152.59267
148.06350000000003 2488.836890984396 4811434887373.944 -32756247895.465076
148.36200000000002 2468.967364018748 4811639146582.826 -32690866001.836227
148.6605 2449.295726668089 4811842593734.808 -32625743913.91439
148.95900000000003 2429.8196185856177 4812045233662.874 -32560880086.262535
149.25750000000002 2410.5367122048624 4812247071161.736 -32496272985.67551
149.556 2391.444712220409 4812448110988.207 -32431921091.060463
149.85450000000003 2372.5413550778912 4812648357861.575 -32367822893.316708
150.15300000000002 2353.8244084730227 4812847816463.976 -32303976895.217747
150.4515 2335.2916708594967 4813046491440.755 -32240381611.295296
150.75000000000003 2316.940970965592 4813244387400.83 -32177035567.723297
151.04850000000002 2298.770167319322 4813441508917.047 -32113937302.2048
151.347 2280.7771477819188 4813637860526.53 -32051085363.85895
151.64550000000003 2262.959829089542 4813833446731.033 -31988478313.110332
151.94400000000002 2245.316156403018 4814028271997.282 -31926114721.57841
152.24250000000004 2227.844102865454 4814222340757.313 -31863993171.96948
152.54100000000003 2210.5416691676046 4814415657408.8125 -31802112257.96902
152.83950000000002 2193.406883120792 4814608226315.447 -31740470584.135742
153.13800000000003 2176.4377992372797 4814800051807.19 -31679066765.79642
153.43650000000002 2159.6324983179334 4814991138180.651 -31617899428.942814
153.735 2142.989087047022 4815181489699.393 -31556967210.128456
154.03350000000003 2126.50569759404 4815371110594.247 -31496268756.36796
154.33200000000002 2110.1804872224116 4815560005063.631 -31435802725.036663
154.6305 2094.0116379049255 4815748177273.858 -31375567783.77143
154.92900000000003 2077.9973559458017 4815935631359.441 -31315562610.37321
155.22750000000002 2062.135871609247 4816122371423.396 -31255785892.71005
155.526 2046.4254387543658 4816308401537.543 -31196236328.621323
155.82450000000003 2030.8643344763332 4816493725742.798 -31136912625.82388
156.12300000000002 2015.450858753688 4816678348049.472 -31077813501.817814
156.4215 2000.1833341016343 4816862272437.555 -31018937683.79449
156.72000000000003 1985.0601052312452 4817045502857.004 -30960283908.54459
157.01850000000002 1970.0795387144583 4817228043228.022 -30901850922.3689
157.31700000000004 1955.240022654735 4817409897441.349 -30843637480.98768
157.61550000000003 1940.5399663633075 4817591069358.522 -30785642349.45334
157.91400000000002 1925.9778000408771 4817771562812.161 -30727864302.062744
158.21250000000003 1911.5519744646856 4817951381606.234 -30670302122.271206
158.51100000000002 1897.2609606808558 4818130529516.325 -30612954602.606018
158.8095 1883.1032497018787 4818309010289.899 -30555820544.583614
159.10800000000003 1869.0773522091888 4818486827646.563 -30498898758.625095
159.40650000000002 1855.1817982607115 4818663985278.323 -30442188063.973812
159.705 1841.4151370032805 4818840486849.841 -30385687288.613953
160.00350000000003 1827.775936389864 4819016335998.686 -30329395269.189518
160.30200000000002 1814.26278290149 4819191536335.588 -30273310850.92465
160.6005 1800.8742812737796 4819366091444.681 -30217432887.544716
160.89900000000003 1787.6090542280253 4819540004883.748 -30161760241.1983
161.19750000000002 1774.4657422067125 4819713280184.464 -30106291782.37994
161.496 1761.443003113408 4819885920852.635 -30051026389.853382
161.79450000000003 1748.5395120569315 4820057930368.433 -29995962950.576694
162.09300000000002 1735.753961099752 4820229312186.631 -29941100359.626846
162.3915 1723.0850590104922 4820400069736.834 -29886437520.12632
162.69000000000003 1710.5315310205108 4820570206423.709 -29831973343.170006
162.98850000000002 1698.0921185844597 4820739725627.208 -29777706747.752525
163.28700000000003 1685.7655791447453 4820908630702.796 -29723636660.697098
163.58550000000002 1673.5506858998467 4821076924981.668 -29669762016.584625
163.88400000000001 1661.446227576384 4821244611770.973 -29616081757.683712
164.18250000000003 1649.4510082049046 4821411694354.024 -29562594833.88167
164.48100000000002 1637.563846899302 4821578175990.522 -29509300202.615746
164.7795 1625.783577639797 4821744059916.757 -29456196828.805454
165.07800000000003 1614.1090490594331 4821909349345.824 -29403283684.785965
165.37650000000002 1602.5391242340197 4822074047467.832 -29350559750.241318
165.675 1591.0726804754404 4822238157450.103 -29298024012.139072
165.97350000000003 1579.708609128299 4822401682437.38 -29245675464.665386
166.27200000000002 1568.4458153698224 4822564625552.027 -29193513109.160748
166.5705 1557.2832180129649 4822726989894.227 -29141535954.056828
166.86900000000003 1546.219749312661 4822888778542.179 -29089743014.813213
167.16750000000002 1535.2543547751768 4823049994552.29 -29038133313.855263
167.466 1524.3859929704847 4823210640959.373 -28986705880.513138
167.76450000000003 1513.6136353476322 4823370720776.832 -28935459750.960625
168.06300000000002 1502.9362660530405 4823530236996.855 -28884393968.154568
168.36150000000004 1492.352881751672 4823689192590.596 -28833507581.775925
168.66000000000003 1481.8624914510428 4823847590508.36 -28782799648.17069
168.95850000000002 1471.4641163279955 4824005433679.791 -28732269230.29102
169.25700000000003 1461.1567895582166 4824162725014.045 -28681915397.638107
169.55550000000002 1450.9395561484307 4824319467399.975 -28631737226.204998
169.854 1440.811472771228 4824475663706.304 -28581733798.42003
170.15250000000003 1430.7716076024824 4824631316781.801 -28531904203.090496
170.45100000000002 1420.819040161323 4824786429455.455 -28482247535.347984
170.7495 1410.952861152589 4824941004536.6455 -28432762896.59314
171.04800000000003 1401.1721723117569 4825095044815.3125 -28383449394.441772
171.34650000000002 1391.4760862522764 4825248553062.125 -28334306142.670708
171.645 1381.8637263152773 4825401532028.645 -28285332261.165443
171.94350000000003 1372.3342264216092 4825553984447.492 -28236526875.867046
172.24200000000002 1362.8867309261814 4825705913032.512 -28187889118.720325
172.5405 1353.520394474538 4825857320478.929 -28139418127.62222
172.83900000000003 1344.2343818616644 4826008209463.509 -28091113046.371506
173.13750000000002 1335.02786789296 4826158582644.721 -28042973024.617683
173.436 1325.900037247351 4826308442662.886 -27994997217.81107
173.73450000000003 1316.8500843425056 4826457792140.337 -27947184787.15425
174.03300000000002 1307.877213202121 4826606633681.571 -27899534899.551838
174.33150000000003 1298.9806373252295 4826754969873.397 -27852046727.563595
174.63000000000002 1290.1595795575167 4826902803285.092 -27804719449.35544
174.9285 1281.4132719645884 4827050136468.543 -27757552248.652393
175.22700000000003 1272.7409557071758 4827196971958.396 -27710544314.692066
175.52550000000002 1264.1418809182392 4827343312272.206 -27663694842.17724
175.824 1255.6153065819274 4827489159910.573 -27617003031.23097
176.12250000000003 1247.1605004143794 4827634517357.291 -27570468087.35031
176.42100000000002 1238.7767387463296 4827779387079.484 -27524089221.361813
176.7195 1230.4633064074762 4827923771527.75 -27477865649.3763
177.01800000000003 1222.2194966126028 4828067673136.294 -27431796592.74494
177.31650000000002 1214.0446108494116 4828211094323.071 -27385881278.016014
177.615 1205.9379587680355 4828354037489.917 -27340118936.890915
177.91350000000003 1197.898858072214 4828496505022.684 -27294508806.18201
178.21200000000002 1189.9266344120997 4828638499291.373 -27249050127.769512
178.5105 1182.0206212786593 4828780022650.267 -27203742148.55979
178.80900000000003 1174.1801598996578 4828921077438.058 -27158584120.443882
179.10750000000002 1166.4045991371934 4829061665977.978 -27113575300.256042
179.40600000000003 1158.6932953867465 4829201790577.925 -27068714949.73379
179.70450000000002 1151.0456124777425 4829341453530.593 -27024002335.47619
180.00300000000001 1143.4609215755759 4829480657113.59 -26979436728.905174
180.30150000000003 1135.9386010850908 4829619403589.571 -26935017406.225075
180.60000000000002 1128.478036555491 4829757695206.353 -26890743648.38419
180.8985 1121.0786205866425 4829895534197.037 -26846614741.035286
181.19700000000003 1113.7397527367661 4830032922780.135 -26802629974.497326
181.49550000000002 1106.460839431486 4830169863159.682 -26758788643.71808
181.794 1099.2412938742057 4830306357525.354 -26715090048.235687
182.09250000000003 1092.0805359578064 4830442408052.59 -26671533492.141983
182.39100000000002 1084.977992177637 4830578016902.704 -26628118284.044514
182.6895 1077.9330955457665 4830713186222.998 -26584843737.03156
182.98800000000003 1070.9452855064978 4830847918146.88 -26541709168.634308
183.28650000000002 1064.014007853107 4830982214793.97 -26498713900.792023
183.585 1057.1387146457917 4831116078270.219 -26455857259.81592
183.88350000000003 1050.3188641308122 4831249510668.009 -26413138576.354713
184.18200000000002 1043.5539206608069 4831382514066.273 -26370557185.35889
184.48050000000003 1036.8433546162546 4831515090530.597 -26328112426.046875
184.77900000000002 1030.1866423280785 4831647242113.322 -26285803641.870464
185.07750000000001 1023.5832660013585 4831778970853.664 -26243630180.481075
185.37600000000003 1017.0327136401495 4831910278777.803 -26201591393.696335
185.67450000000002 1010.5344789733774 4832041167898.999 -26159686637.466686
185.973 1004.0880613817959 4832171640217.6875 -26117915271.84307
186.27150000000003 997.6929658259946 4832301697721.586 -26076276660.94308
186.57000000000002 991.3487027754361 4832431342385.791 -26034770172.920315
186.8685 985.054788138504 4832560576172.883 -25993395179.931347
187.16700000000003 978.8107431935503 4832689401033.018 -25952151058.104057
187.46550000000002 972.6160945209282 4832817818904.034 -25911037187.5068
187.764 966.4703739359844 4832945831711.543 -25870052952.11728
188.06250000000003 960.3731184230069 4833073441369.028 -25829197739.791164
188.36100000000002 954.3238700701103 4833200649777.94 -25788470942.232666
188.6595 948.3221760050369 4833327458827.792 -25747871954.963364
188.95800000000003 942.3675883318697 4833453870396.248 -25707400177.292507
189.25650000000002 936.4596640686387 4833579886349.223 -25667055012.288055
189.555 930.5979650858001 4833705508540.97 -25626835866.746624
189.85350000000003 924.7820580455854 4833830738814.174 -25586742151.164536
190.15200000000002 919.0115143422038 4833955579000.037 -25546773279.70938
190.45050000000003 913.2859100428758 4834080030918.375 -25506928670.191
190.74900000000002 907.6048258297 4834204096377.699 -25467207744.033558
191.0475 901.9678469423253 4834327777175.306 -25427609926.24758
191.34600000000003 896.3745631214276 4834451075097.365 -25388134645.401688
191.64450000000002 890.8245685529746 4834573991919.006 -25348781333.595947
191.943 885.3174618132601 4834696529404.4 -25309549426.434082
192.24150000000006 879.8528458147075 4834818689306.847 -25270438362.996216
192.54000000000005 874.4303277524236 4834940473368.858 -25231447585.812916
192.83850000000004 869.0495190514893 4835061883322.241 -25192576540.838108
193.13700000000006 863.7100353149817 4835182920888.177 -25153824677.42306
193.43550000000005 858.4114962727159 4835303587777.307 -25115191448.29059
193.73400000000004 853.153525730686 4835423885689.81 -25076676309.508904
194.03250000000006 847.9357515212087 4835543816315.482 -25038278720.466557
194.33100000000005 842.7578054537508 4835663381333.82 -24999998143.8462
194.62950000000004 837.6193232664275 4835782582414.095 -24961834045.600758
194.92800000000005 832.5199445781674 4835901421215.43 -24923785894.927635
195.22650000000004 827.4593128415353 4836019899386.879 -24885853164.244778
195.52500000000006 822.4370752961912 4836138018567.506 -24848035329.165836
195.82350000000005 817.4528829229934 4836255780386.452 -24810331868.47638
196.12200000000004 812.5063903987167 4836373186463.021 -24772742264.109478
196.42050000000006 807.5972560513948 4836490238406.745 -24735266001.122307
196.71900000000005 802.725141816265 4836606937817.46 -24697902567.67271
197.01750000000004 797.8897131923073 4836723286285.385 -24660651454.99539
197.31600000000006 793.0906391993778 4836839285391.183 -24623512157.37965
197.61450000000005 788.3275923359172 4836954936706.042 -24586484172.145714
197.91300000000004 783.6002485372296 4837070241791.744 -24549566999.62263
198.21150000000006 778.9082871343257 4837185202200.731 -24512760143.1252
198.51000000000005 774.2513908133199 4837299819476.18 -24476063108.932552
198.80850000000004 769.629245575368 4837414095152.067 -24439475406.26492
199.10700000000006 765.041540697149 4837528030753.242 -24402996547.26309
199.40550000000005 760.4879686918715 4837641627795.489 -24366626046.965607
199.70400000000004 755.9682252708031 4837754887785.6 -24330363423.287746
200.00250000000005 751.4820093053119 4837867812221.437 -24294208197.000412
200.30100000000004 747.0290227894181 4837980402592.001 -24258159891.708424
200.59950000000003 742.6089708028393 4838092660377.496 -24222218033.830574
200.89800000000005 738.2215614745293 4838204587049.394 -24186382152.577694
201.19650000000004 733.866505946703 4838316184070.498 -24150651779.933105
201.49500000000006 729.5435183393321 4838427452895.011 -24115026450.631554
201.79350000000005 725.2523157151187 4838538394968.59 -24079505702.139698
202.09200000000004 720.9926180449244 4838649011728.419 -24044089074.635166
202.39050000000006 716.7641481736598 4838759304603.263 -24008776110.987606
202.68900000000005 712.5666317866235 4838869275013.534 -23973566356.738632
202.98750000000004 708.399797376281 4838978924371.349 -23938459360.082394
203.28600000000006 704.2633762094829 4839088254080.593 -23903454671.846092
203.58450000000005 700.1571022951136 4839197265536.977 -23868551845.47091
203.88300000000004 696.0807123521591 4839305960128.098 -23833750436.99308
204.18150000000006 692.0339457781988 4839414339233.501 -23799050005.025417
204.48000000000005 688.016544618305 4839522404224.731 -23764450110.73789
204.77850000000004 684.0282535343486 4839630156465.3955 -23729950317.839428
205.07700000000006 680.0688197747041 4839737597311.222 -23695550192.560192
205.37550000000005 676.137993144352 4839844728110.11 -23661249303.632607
205.67400000000004 672.2355259753634 4839951550202.195 -23627047222.27333
205.97250000000005 668.3611730977731 4840058064919.898 -23592943522.166245
206.27100000000004 664.5146918108273 4840164273587.983 -23558937779.44366
206.56950000000006 660.695841854602 4840270177523.614 -23525029572.669544
206.86800000000005 656.9043853819911 4840375778036.406 -23491218482.82186
207.16650000000004 653.1400869310515 4840481076428.4795 -23457504093.27526
207.46500000000006 649.402713397708 4840586073994.518 -23423885989.783684
207.76350000000005 645.6920340088083 4840690772021.814 -23390363760.464443
208.06200000000004 642.0078202955207 4840795171790.331 -23356936995.780003
208.36050000000006 638.3498460670772 4840899274572.746 -23323605288.522068
208.65900000000005 634.7178873848517 4841003081634.507 -23290368233.79525
208.95750000000004 631.1117225367659 4841106594233.884 -23257225429.00036
209.25600000000006 627.5311320120273 4841209813622.016 -23224176473.818027
209.55450000000005 623.9758984761866 4841312741042.967 -23191220970.19258
209.85300000000004 620.4458067465104 4841415377733.771 -23158358522.316444
210.15150000000006 616.9406437676719 4841517724924.485 -23125588736.613956
210.45000000000005 613.4601985877464 4841619783838.237 -23092911221.72586
210.74850000000004 610.0042623345122 4841721555691.273 -23060325588.493557
211.04700000000005 606.572628192051 4841823041693.008 -23027831449.94383
211.34550000000004 603.1650913776457 4841924243046.07 -22995428421.273438
211.64400000000006 599.781449118967 4842025160946.355 -22963116119.83375
211.94250000000005 596.4215006315515 4842125796583.067 -22930894165.115852
212.24100000000004 593.085047096558 4842226151138.767 -22898762178.735973
212.53950000000006 589.7718916388086 4842326225789.417 -22866719784.419758
212.83800000000005 586.481839305103 4842426021704.432 -22834766607.98873
213.13650000000004 583.214697042803 4842525540046.721 -22802902277.3448
213.43500000000006 579.9702736786885 4842624781972.731 -22771126422.456135
213.73350000000005 576.7483798980761 4842723748632.497 -22739438675.343002
214.03200000000004 573.5488282241973 4842822441169.68 -22707838670.06332
214.33050000000006 570.3714329978351 4842920860721.616 -22676326042.698685
214.62900000000005 567.2160103572152 4843019008419.358 -22644900431.3405
214.92750000000004 564.0823782181432 4843116885387.72 -22613561476.075855
215.22600000000006 560.9703562543925 4843214492745.315 -22582308818.974194
215.52450000000005 557.8797658783345 4843311831604.609 -22551142104.07317
215.82300000000004 554.8104302218057 4843408903071.951 -22520060977.365726
216.12150000000005 551.7621741172143 4843505708247.621 -22489065086.785934
216.42000000000004 548.7348240788804 4843602248225.871 -22458154082.196575
216.71850000000003 545.7282082846026 4843698524094.966 -22427327615.375126
217.01700000000005 542.7421565574555 4843794536937.225 -22396585340.001324
217.31550000000004 539.7765003478098 4843890287829.061 -22365926911.64418
217.61400000000006 536.8310727155712 4843985777841.0205 -22335351987.74832
217.91250000000005 533.9057083126402 4844081008037.826 -22304860227.622105
218.21100000000004 531.0002433655839 4844175979478.413 -22274451292.424633
218.50950000000006 528.1145156585211 4844270693215.973 -22244124845.153545
218.80800000000005 525.2483645162174 4844365150297.984 -22213880550.63172
219.10650000000004 522.4016307873836 4844459351766.261 -22183718075.49573
219.40500000000006 519.5741568281799 4844553298656.983 -22153637088.183323
219.70350000000005 516.7657864859201 4844646992000.74 -22123637258.92128
220.00200000000004 513.9763650829731 4844740432822.564 -22093718259.713547
220.30050000000006 511.2057394008597 4844833622141.972 -22063879764.328518
220.59900000000005 508.45375766454447 4844926560972.996 -22034121448.28847
220.89750000000004 505.72026952691283 4845019250324.229 -22004442988.856667
221.19600000000005 503.00512605344 4845111691198.853 -21974844065.026222
221.49450000000004 500.3081797070437 4845203884594.679 -21945324357.508453
221.79300000000003 497.6292843331175 4845295831504.184 -21915883548.721115
222.09150000000005 494.9682951447465 4845387532914.545 -21886521322.777725
222.39000000000004 492.32506870810045 4845478989807.675 -21857237365.47544
222.68850000000006 489.6994629279998 4845570203160.254 -21828031364.284557
222.98700000000005 487.09133703365893 4845661173943.772 -21798903008.33683
223.28550000000004 484.50055156459496 4845751903124.557 -21769851988.41458
223.58400000000006 481.92696835670876 4845842391663.81 -21740877996.94001
223.88250000000005 479.3704505285318 4845932640517.641 -21711980727.963963
224.18100000000004 476.8308624676339 4846022650637.103 -21683159877.15588
224.47950000000006 474.308069817196 4846112422968.22 -21654415141.791946
224.77800000000005 471.80193946274244 4846201958452.029 -21625746220.74579
225.07650000000004 469.3123395190277 4846291258024.606 -21597152814.476715
225.37500000000006 466.839139317082 4846380322617.1 -21568634625.02058
225.67350000000005 464.3822093914095 4846469153155.767 -21540191355.977978
225.97200000000004 461.94142146733566 4846557750562.001 -21511822712.505447
226.27050000000006 459.5166484485069 4846646115752.366 -21483528401.304134
226.56900000000005 457.10776440453714 4846734249638.628 -21455308130.610363
226.86750000000004 454.7146445587979 4846822153127.786 -21427161610.185463
227.16600000000005 452.3371652763537 4846909827122.103 -21399088551.305443
227.46450000000004 449.9752040520407 4846997272519.135 -21371088666.751553
227.76300000000003 447.62863949868074 4847084490211.767 -21343161670.8003
228.06150000000005 445.2973513354379 4847171481088.238 -21315307279.213917
228.36000000000004 442.9812203763096 4847258246032.175 -21287525209.230556
228.65850000000006 440.68012851875136 4847344785922.619 -21259815179.55484
228.95700000000005 438.3939587324362 4847431101634.057 -21232176910.347965
229.25550000000004 436.1225950481433 4847517194036.452 -21204610123.21867
229.55400000000006 433.86592254677697 4847603063995.272 -21177114541.21426
229.85250000000005 431.6238273485139 4847688712371.519 -21149689888.810375
230.15100000000004 429.39619660207455 4847774140021.752 -21122335891.902443
230.44950000000006 427.1829184741205 4847859347798.128 -21095052277.796364
230.74800000000005 424.98388213877524 4847944336548.419 -21067838775.19985
231.04650000000004 422.79897776726324 4848029107116.045 -21040695114.2124
231.34500000000006 420.62809651767185 4848113660340.102 -21013621026.317883
231.64350000000005 418.4711305248303 4848197997055.387 -20986616244.37412
231.94200000000004 416.3279728903042 4848282118092.429 -20959680502.605267
232.24050000000005 414.19851767250634 4848366024277.514 -20932813536.592384
232.53900000000004 412.08265987692204 4848449716432.712 -20906015083.26541
232.83750000000003 409.980295446444 4848533195375.906 -20879284880.893814
233.13600000000005 407.8913212518201 4848616461920.815 -20852622669.07873
233.43450000000004 405.8156350822108 4848699516877.026 -20826028188.744286
233.73300000000006 403.75313563585235 4848782361050.012 -20799501182.128994
234.03150000000005 401.70372251082944 4848864995241.166 -20773041392.777805
234.33000000000004 399.66729619595037 4848947420247.823 -20746648565.53359
234.62850000000006 397.64375806172814 4849029636863.287 -20720322446.529034
234.92700000000005 395.6330103514638 4849111645876.8545 -20694062783.17827
235.22550000000004 393.63495617243024 4849193448073.842 -20667869324.16939
235.52400000000006 391.6494994871564 4849275044235.608 -20641741819.455677
235.82250000000005 389.6765451048117 4849356435139.585 -20615680020.24799
236.12100000000004 387.71599867268486 4849437621559.292 -20589683679.007412
236.41950000000006 385.7677666677627 4849518604264.371 -20563752549.436123
236.71800000000005 383.8317563884019 4849599384020.607 -20537886386.47104
237.01650000000004 381.90787594609395 4849679961589.948 -20512084946.275013
237.31500000000005 379.9960342573254 4849760337730.536 -20486347986.230034
237.61350000000004 378.09614103552775 4849840513196.726 -20460675264.92858
237.91200000000003 376.20810678311807 4849920488739.109 -20435066542.167187
238.21050000000005 374.33184278362927 4850000265104.541 -20409521578.938404
238.50900000000004 372.46726109392915 4850079843036.16 -20384040137.42291
238.80750000000003 370.61427453652465 4850159223273.413 -20358621980.983437
239.10600000000005 368.7727966919543 4850238406552.077 -20333266874.1559
239.40450000000004 366.9427418912644 4850317393604.282 -20307974582.643463
239.70300000000006 365.1240252085691 4850396185158.535 -20282744873.307983
240.00150000000005 363.3165624536942 4850474781939.74 -20257577514.164516
240.30000000000004 361.5202701649016 4850553184669.224 -20232472274.372555
240.59850000000006 359.7350656016953 4850631394064.751 -20207428924.229805
240.89700000000005 357.96086673770776 4850709410840.557 -20182447235.16547
241.19550000000004 356.1975922536636 4850787235707.357 -20157526979.732456
241.49400000000006 354.4451615304222 4850864869372.382 -20132667931.601048
241.79250000000005 352.7034946420979 4850942312539.383 -20107869865.552296
242.09100000000004 350.9725123492544 4851019565908.668 -20083132557.470154
242.38950000000006 349.2521360921751 4851096630177.114 -20058455784.33577
242.68800000000005 347.5422879842087 4851173506038.192 -20033839324.220543
242.98650000000004 345.8428908051859 4851250194181.985 -20009282956.27916
243.28500000000005 344.1538679949097 4851326695295.21 -19984786460.743526
243.58350000000004 342.4751436467176 4851403010061.24 -19960349618.915413
243.88200000000003 340.80664250111244 4851479139160.122 -19935972213.160416
244.18050000000005 339.14828993946537 4851555083268.597 -19911654026.901775
244.47900000000004 337.50001197778624 4851630843060.122 -19887394844.613693
244.77750000000006 335.86173526056183 4851706419204.891 -19863194451.814907
245.07600000000005 334.2333870546626 4851781812369.85 -19839052635.062077
245.37450000000004 332.6148952433142 4851857023218.719 -19814969181.944313
245.67300000000006 331.0061883201359 4851932052412.014 -19790943881.076077
245.97150000000005 329.4071953832434 4852006900607.063 -19766976522.09154
246.27000000000004 327.8178461294151 4852081568458.028 -19743066895.638657
246.56850000000006 326.23807084832265 4852156056615.92 -19719214793.37221
246.86700000000005 324.66780041682324 4852230365728.622 -19695420007.948303
247.16550000000004 323.1069662933136 4852304496440.906 -19671682333.018547
247.46400000000006 321.55550051214516 4852378449394.451 -19648001563.224052
247.76250000000005 320.01333567810053 4852452225227.864 -19624377494.18868
248.06100000000004 318.4804049609272 4852525824576.694 -19600809922.51418
248.35950000000005 316.9566420899319 4852599248073.457 -19577298645.774292
248.65800000000004 315.44198134863336 4852672496347.6455 -19553843462.50786
248.95650000000003 313.9363575694704 4852745570025.754 -19530444172.214607
249.25500000000005 312.4397061285688 4852818469731.293 -19507100575.348026
249.55350000000004 310.9519629405641 4852891196084.809 -19483812473.311028
249.85200000000003 309.4730644534782 4852963749703.897 -19460579668.448883
250.15050000000005 308.002947643652 4853036131203.227 -19437401964.04491
250.44900000000004 306.541550010733 4853108341194.553 -19414279164.314358
250.74750000000006 305.0888095727134 4853180380286.732 -19391211074.39879
251.04600000000005 303.64466486102486 4853252249085.747 -19368197500.360577
251.34450000000004 302.20905491568186 4853323948194.715 -19345238249.177925
251.64300000000006 300.7819192804792 4853395478213.91 -19322333128.738873
251.94150000000005 299.3631979982394 4853466839740.779 -19299481947.836678
252.24000000000004 297.9528316061105 4853538033369.957 -19276684516.163612
252.53850000000006 296.5507611309137 4853609059693.283 -19253940644.30641
252.83700000000005 295.15692808454065 4853679919299.819 -19231250143.7407
253.13550000000004 293.77127445939874 4853750612775.865 -19208612826.82597
253.43400000000005 292.3937427239043 4853821140704.975 -19186028506.80005
253.73250000000004 291.0242758180248 4853891503667.973 -19163496997.774174
254.03100000000003 289.66281714886577 4853961702242.967 -19141018114.727806
254.32950000000005 288.3093105863053 4854031737005.37 -19118591673.504013
254.62800000000004 286.96370045867525 4854101608527.912 -19096217490.803844
254.92650000000003 285.6259315484857 4854171317380.654 -19073895384.181763
255.22500000000005 284.2959490881956 4854240864131.01 -19051625172.04033
255.52350000000004 282.97369875602817 4854310249343.754 -19029406673.625767
255.82200000000006 281.65912667182806 4854379473581.041 -19007239709.022133
256.12050000000005 280.3521793929635 4854448537402.421 -18985124099.14774
256.41900000000004 279.0528039102706 4854517441364.853 -18963059665.749424
256.71750000000003 277.7609476440401 4854586186022.721 -18941046231.397938
257.016 276.47655844004544 4854654771927.849 -18919083619.48336
257.3145 275.19958456561227 4854723199629.513 -18897171654.210297
257.61300000000006 273.9299747057292 4854791469674.462 -18875310160.59333
257.91150000000005 272.66767795919867 4854859582606.926 -18853498964.45177
258.21000000000004 271.4126438348268 4854927538968.632 -18831737892.405952
258.5085 270.1648222476539 4854995339298.821 -18810026771.87176
258.8070000000001 268.9241635152233 4855062984134.262 -18788365431.056774
259.10550000000006 267.6906183538895 4855130474009.26 -18766753698.955364
259.40400000000005 266.4641378751623 4855197809455.68 -18745191405.344067
259.70250000000004 265.244673582091 4855264991002.952 -18723678380.777565
260.00100000000003 264.0321773656847 4855332019178.092 -18702214456.58387
260.2995 262.8266015013689 4855398894505.71 -18680799464.86006
260.59800000000007 261.62789864547926 4855465617508.026 -18659433238.467808
260.89650000000006 260.4360218317919 4855532188704.887 -18638115611.02891
261.19500000000005 259.2509244680867 4855598608613.772 -18616846416.921677
261.49350000000004 258.0725603327485 4855664877749.816 -18595625491.27596
261.79200000000003 256.9008835714017 4855730996625.815 -18574452669.96854
262.0905 255.73584869357964 4855796965752.242 -18553327789.62011
262.38900000000007 254.5774105694268 4855862785637.261 -18532250687.590134
262.68750000000006 253.42552442643725 4855928456786.74 -18511221201.972595
262.98600000000005 252.2801458462226 4855993979704.263 -18490239171.59276
263.28450000000004 251.1412307613157 4856059354891.143 -18469304436.00188
263.583 250.00873545200557 4856124582846.434 -18448416835.474064
263.8815000000001 248.88261654320434 4856189664066.945 -18427576211.00181
264.18000000000006 247.76283100134708 4856254599047.256 -18406782404.291862
264.47850000000005 246.6493361313207 4856319388279.722 -18386035257.761593
264.77700000000004 245.5420895734259 4856384032254.492 -18365334614.534634
265.07550000000003 244.44104930036949 4856448531459.5205 -18344680318.436806
265.374 243.34617361428585 4856512886380.578 -18324072213.992855
265.67250000000007 242.25742114378946 4856577097501.265 -18303510146.422153
265.97100000000006 241.1747508410574 4856641165303.0205 -18282993961.634426
266.26950000000005 240.09812197893936 4856705090265.14 -18262523506.22685
266.56800000000004 239.02749414809847 4856768872864.783 -18242098627.479004
266.86650000000003 237.96282725418018 4856832513576.987 -18221719173.350304
267.165 236.90408151500904 4856896012874.677 -18201384992.47554
267.46350000000007 235.85121745781404 4856959371228.678 -18181095934.160988
267.76200000000006 234.8041959164821 4857022589107.729 -18160851848.38111
268.06050000000005 233.76297802883727 4857085666978.492 -18140652585.77497
268.35900000000004 232.72752523394894 4857148605305.565 -18120497997.64214
268.6575 231.69779926946572 4857211404551.492 -18100387935.938934
268.9560000000001 230.67376216897614 4857274065176.774 -18080322253.275433
269.25450000000006 229.65537625939646 4857336587639.883 -18060300802.91121
269.55300000000005 228.642604158382 4857398972397.271 -18040323438.752148
269.85150000000004 227.63540877176695 4857461219903.382 -18020390015.34699
270.15000000000003 226.63375329102746 4857523330610.66 -18000500387.883434
270.4485 225.63760119077122 4857585304969.566 -17980654412.184708
270.74700000000007 224.64691622625048 4857647143428.584 -17960851944.706226
271.04550000000006 223.6616624309016 4857708846434.231 -17941092842.53253
271.34400000000005 222.68180411390603 4857770414431.075 -17921376963.372593
271.64250000000004 221.70730585777787 4857831847861.737 -17901704165.5579
271.94100000000003 220.73813251597412 4857893147166.905 -17882074308.038063
272.2395 219.77424921052813 4857954312785.348 -17862487250.377605
272.53800000000007 218.81562132970654 4858015345153.919 -17842942852.753227
272.83650000000006 217.86221452569023 4858076244707.573 -17823440975.94955
273.13500000000005 216.91399471227558 4858137011879.373 -17803981481.35644
273.43350000000004 215.97092806260036 4858197647100.502 -17784564230.96586
273.732 215.0329810068914 4858258150800.2705 -17765189087.36787
274.0305 214.1001202302334 4858318523406.132 -17745855913.747826
274.32900000000006 213.17231267036024 4858378765343.685 -17726564573.883484
274.62750000000005 212.24952551546826 4858438877036.691 -17707314932.14142
274.92600000000004 211.33172620204903 4858498858907.081 -17688106853.473637
275.22450000000003 210.41888241274506 4858558711374.966 -17668940203.41484
275.523 209.51096207422566 4858618434858.644 -17649814848.07937
275.82150000000007 208.60793335508282 4858678029774.611 -17630730654.157383
276.12000000000006 207.70976466374884 4858737496537.579 -17611687488.912434
276.41850000000005 206.81642464643232 4858796835560.47 -17592685220.178185
276.71700000000004 205.92788218507562 4858856047254.4375 -17573723716.355488
277.01550000000003 205.0441063953314 4858915132028.872 -17554802846.409176
277.314 204.1650666245586 4858974090291.413 -17535922479.864586
277.61250000000007 203.29073244983778 4859032922447.953 -17517082486.805767
277.91100000000006 202.42107367600647 4859091628902.651 -17498282737.871513
278.20950000000005 201.55606033371134 4859150210057.941 -17479523104.25249
278.50800000000004 200.69566267748138 4859208666314.542 -17460803457.688686
278.8065 199.83985118381784 4859266998071.464 -17442123670.46603
279.105 198.98859654930374 4859325205726.0205 -17423483615.41413
279.40350000000007 198.14186968873025 4859383289673.837 -17404883165.902687
279.70200000000006 197.29964173324265 4859441250308.858 -17386322195.83897
280.00050000000005 196.46188402850183 4859499088023.356 -17367800579.665085
280.29900000000004 195.62856813286518 4859556803207.944 -17349318192.354694
280.5975 194.79966581558398 4859614396251.582 -17330874909.41082
280.8960000000001 193.97514905501814 4859671867541.581 -17312470606.862633
281.19450000000006 193.15499003686827 4859729217463.62 -17294105161.262745
281.49300000000005 192.33916115242337 4859786446401.751 -17275778449.684555
281.79150000000004 191.5276349968266 4859843554738.405 -17257490349.71904
282.09000000000003 190.72038436735673 4859900542854.405 -17239240739.472958
282.3885 189.91738226172603 4859957411128.972 -17221029497.56539
282.68700000000007 189.11860187639397 4860014159939.731 -17202856503.12517
282.98550000000006 188.32401660489785 4860070789662.727 -17184721635.788284
283.28400000000005 187.5336000361976 4860127300672.424 -17166624775.695562
283.58250000000004 186.74732595303763 4860183693341.719 -17148565803.489056
283.88100000000003 185.96516833032337 4860239968041.95 -17130544600.31059
284.1795 185.18710133351343 4860296125142.903 -17112561047.79869
284.47800000000007 184.41309931702634 4860352165012.818 -17094615028.085533
284.77650000000006 183.6431368226636 4860408088018.401 -17076706423.794748
285.07500000000005 182.87718857804543 4860463894524.831 -17058835118.039457
285.37350000000004 182.115229495063 4860519584895.765 -17041000994.418482
285.672 181.35723466834438 4860575159493.347 -17023203937.014975
285.9705000000001 180.6031793737347 4860630618678.221 -17005443830.393179
286.26900000000006 179.85303906679155 4860685962809.53 -16987720559.59603
286.56750000000005 179.10678938129263 4860741192244.934 -16970034010.14327
286.86600000000004 178.36440612775888 4860796307340.605 -16952384068.02801
287.16450000000003 177.6258652919908 4860851308451.25 -16934770619.715149
287.463 176.8911430336184 4860906195930.103 -16917193552.138496
287.76150000000007 176.16021568466434 4860960970128.943 -16899652752.698421
288.06000000000006 175.4330597481215 4861015631398.1 -16882148109.259548
288.35850000000005 174.70965189654206 4861070180086.458 -16864679510.148136
288.65700000000004 173.98996897064086 4861124616541.467 -16847246844.150085
288.95550000000003 173.27398797791184 4861178941109.149 -16829850000.508371
289.254 172.56168609125623 4861233154134.1045 -16812488868.920242
289.55250000000007 171.85304064762425 4861287255959.52 -16795163339.535759
289.85100000000006 171.14802914666947 4861341246927.175 -16777873302.955038
290.14950000000005 170.44662924941466 4861395127377.452 -16760618650.225727
290.44800000000004 169.74881877693065 4861448897649.341 -16743399272.84108
290.7465 169.05457570902743 4861502558080.443 -16726215062.73775
291.0450000000001 168.36387818295665 4861556109006.988 -16709065912.292784
291.34350000000006 167.67670449212716 4861609550763.83 -16691951714.322285
291.64200000000005 166.99303308483067 4861662883684.46 -16674872362.07894
291.94050000000004 166.3128425629806 4861716108101.013 -16657827749.249372
292.23900000000003 165.63611168086175 4861769224344.273 -16640817769.952526
292.5375 164.9628193438915 4861822232743.683 -16623842318.737005
292.83600000000007 164.2929446073925 4861875133627.347 -16606901290.579237
293.13450000000006 163.62646667537663 4861927927322.039 -16589994580.880848
293.43300000000005 162.96336489933924 4861980614153.215 -16573122085.466827
293.73150000000004 162.30361877706557 4862033194445.007 -16556283700.583738
294.03000000000003 161.64720795144726 4862085668520.245 -16539479322.897131
294.3285 160.9941122093098 4862138036700.451 -16522708849.489202
294.62700000000007 160.34431148025052 4862190299305.853 -16505972177.857048
294.92550000000006 159.69778583548782 4862242456655.389 -16489269205.910915
295.22400000000005 159.05451548671942 4862294509066.712 -16472599831.971643
295.52250000000004 158.41448078499235 4862346456856.199 -16455963954.768394
295.821 157.7776622195824 4862398300338.959 -16439361473.437212
296.1195 157.14404041688394 4862450039828.833 -16422792287.51851
296.41800000000006 156.51359613930956 4862501675638.406 -16406256296.955387
296.71650000000005 155.88631028420036 4862553208079.011 -16389753402.09139
297.01500000000004 155.26216388274455 4862604637460.736 -16373283503.668585
297.31350000000003 154.6411380989074 4862655964092.431 -16356846502.825361
297.612 154.02321422836997 4862707188281.71 -16340442301.095057
297.91050000000007 153.40837369747723 4862758310334.965 -16324070800.402964
298.20900000000006 152.79659806219667 4862809330557.362 -16307731903.06554
298.50750000000005 152.18786900708452 4862860249252.858 -16291425511.787958
298.80600000000004 151.58216834426273 4862911066724.197 -16275151529.66144
299.10450000000003 150.97947801240468 4862961783272.924 -16258909860.162754
299.403 150.37978007572949 4863012399199.384 -16242700407.151272
299.70150000000007 149.78305672300573 4863062914802.734 -16226523074.867682
300.00000000000006 149.18929026656448 4863113330380.946 -16210377767.931084
