!  
! R    D    M    P
1001
1.4999999999999998 9393676705.20989 8.806571911134272e-05 -440038785875.02313
1.7984999999999998 6252386563.281552 77571497280.9738 -435652620867.9727
2.0969999999999995 4378506961.633102 151613833235.1935 -426510946948.9584
2.3954999999999997 3188623488.4736886 222043292827.3716 -415355861077.0943
2.6939999999999995 2395606661.9064965 288969927106.53204 -403498099034.6023
2.9924999999999993 1846217558.555585 352586850588.8624 -391591166165.39996
3.2909999999999995 1453322423.442839 413116707380.6039 -379964500196.3437
3.5894999999999997 1164775372.8829355 470785588477.25165 -368779612475.53613
3.8879999999999995 948021605.38384 525810606466.2249 -358108096564.1322
4.186499999999999 782000490.9665254 578394418718.9458 -347972544746.84344
4.4849999999999985 652666278.6133034 628723315408.9884 -338368816041.58246
4.783499999999999 550401523.8172741 676967118904.884 -329278488542.7055
5.081999999999999 468467420.58149236 723279969144.879 -320675951192.41125
5.380499999999999 402045146.7973538 767801502335.2452 -312532480232.5769
5.678999999999999 347625903.0909336 810658161479.5944 -304818579667.68005
5.977499999999999 302613020.63163406 851964502679.2142 -297505304662.28766
6.275999999999999 265056567.80966634 891824429806.5872 -290564981990.77985
6.574499999999999 233472759.36245018 930332327764.7582 -283971570984.3921
6.872999999999998 206718830.3160233 967574084935.6909 -277700810442.8495
7.171499999999999 183904905.1118728 1003628006178.146 -271730239519.58755
7.469999999999999 164330986.83017224 1038565623089.1808 -266039146277.87997
7.768499999999999 147441283.56743097 1072452410580.0482 -260608476813.0697
8.066999999999998 132790680.7545234 1105348419495.7644 -255420725068.2591
8.365499999999999 120019840.64196871 1137308834804.4841 -250459815559.68622
8.663999999999998 108836508.1230018 1168384468241.2334 -245710986294.2861
8.962499999999997 99001334.38330345 1198622193461.2124 -241160676075.33844
9.260999999999997 90317025.54328258 1228065330879.7996 -236796418462.65585
9.559499999999998 82619963.5701948 1256753988523.783 -232606743454.766
9.857999999999999 75773683.08951621 1284725364427.913 -228581087225.04007
10.156499999999998 69663753.93135439 1312014015397.9478 -224709709803.13574
10.454999999999998 64193737.430729784 1338652096329.3826 -220983620340.09146
10.753499999999997 59281969.41531378 1364669573717.0098 -217394509461.1538
11.051999999999998 54858984.425426 1390094416508.2986 -213934688150.65652
11.350499999999998 50865440.82782199 1414952767035.915 -210597032599.45294
11.648999999999997 47250439.81133991 1439269094403.9849 -207374934459.08807
11.947499999999998 43970156.072964765 1463066332391.6345 -204262255976.25067
12.245999999999997 40986716.63263327 1486366003669.3372 -201253289518.49133
12.544499999999998 38267278.301687494 1509188331892.6543 -198342721042.96484
12.842999999999998 35783265.05602853 1531552343038.906 -195525597101.10782
13.141499999999997 33509734.7868909 1553475957180.577 -192797295011.9325
13.439999999999998 31424851.24448043 1574976071740.9626 -190153495874.03214
13.738499999999998 29509441.911779743 1596068637149.3047 -187590160120.94128
14.036999999999997 27746626.387734126 1616768725701.6223 -185103505356.01477
14.335499999999998 26121502.874369275 1637090594337.108 -182689986231.47974
14.633999999999999 24620882.74147624 1657047741956.281 -180346276161.91486
14.932499999999997 23233065.02905558 1676652961834.2793 -178069250685.29727
15.230999999999998 21947644.250942897 1695918389619.18 -175855972305.16498
15.529499999999997 20755346.066381548 1714855547349.8206 -173703676665.58392
15.827999999999998 19647886.353878547 1733475383879.102 -171609759926.7221
16.126499999999997 18617850.00299821 1751788312046.2593 -169571767223.12537
16.424999999999994 17658586.373258412 1769804242904.3 -167587382099.45923
16.723499999999998 16764118.88499048 1787532617275.9976 -165654416829.7154
17.021999999999995 15929066.628413327 1804982434882.9487 -163770803535.83804
17.320499999999996 15148576.222762624 1822162281266.713 -161934586030.55478
17.618999999999996 14418262.441746697 1839080352698.5105 -160143912317.03275
17.917499999999997 13734156.35649042 1855744479254.0269 -158397027684.9333
18.215999999999998 13092659.941748079 1872162146212.1807 -156692268348.6186
18.514499999999995 12490506.252930246 1888340513920.999 -155028055578.7562
18.812999999999995 11924724.416359782 1904286436259.7896 -153402890283.4563
19.111499999999996 11392608.787953407 1920006477814.338 -151815347999.4313
19.409999999999997 10891691.730106363 1935506929870.7678 -150264074257.54895
19.708499999999997 10419719.536097838 1950793825323.77 -148747780290.6163
20.006999999999994 9974631.098405076 1965872952586.0378 -147265239054.32767
20.305499999999995 9554538.974018632 1980749868577.7883 -145815281535.0775
20.603999999999996 9157712.547912722 1995429910868.1099 -144396793320.8198
20.902499999999996 8782563.036661265 2009918209033.4683 -143008711413.37704
21.200999999999997 8427630.108970826 2024219695292.9316 -141650021262.5948
21.499499999999994 8091569.929592951 2038339114474.4746 -140319754004.5301
21.797999999999995 7773144.458482139 2052281033362.0427 -139016983887.47134
22.096499999999995 7471211.858849011 2066049849468.8103 -137740825871.03717
22.394999999999996 7184717.886476093 2079649799278.2532 -136490433384.9079
22.693499999999997 6912688.148781629 2093084965991.1792 -135264996234.92186
22.991999999999994 6654221.136023325 2106359286813.7234 -134063738645.33203
23.290499999999994 6408481.939056097 2119476559818.4678 -132885917426.9815
23.588999999999995 6174696.578471255 2132440450408.2485 -131730820262.02495
23.887499999999996 5952146.878980411 2145254497409.8677 -130597764096.61334
24.185999999999996 5740165.830763044 2157922118822.7778 -129486093633.67229
24.484499999999997 5538133.386337598 2170446617245.8582 -128395179918.55437
24.782999999999994 5345472.647484027 2182831185003.6155 -127324419010.93384
25.081499999999995 5161646.40196063 2195078908991.5183 -126273230736.84909
25.379999999999995 4986153.974322649 2207192775258.687 -125241057515.28558
25.678499999999996 4818528.35915155 2219175673344.7983 -124227363254.1355
25.976999999999997 4658333.608517601 2231030400386.822 -123231632310.7771
26.275499999999994 4505162.448587916 2242759665010.0522 -122253368512.88461
26.573999999999995 4358634.103013297 2254366091016.8765 -121292094235.41948
26.872499999999995 4218392.303127049 2265852220885.717 -120347349530.06058
27.170999999999996 4084103.4671085766 2277220519091.749 -119418691303.61484
27.469499999999996 3955455.032139234 2288473375260.1387 -118505692542.20792
27.767999999999997 3832153.925238272 2299613107161.828 -117607941578.29277
28.066499999999994 3713925.1599391275 2310641963561.1816 -116725041397.73009
28.364999999999995 3600510.547273723 2321562126924.192 -115856608984.39555
28.663499999999996 3491667.510695052 2332375715995.332 -115002274699.95215
28.961999999999996 3387167.995603072 2343084788250.6235 -114161681696.59464
29.260499999999997 3286797.465061397 2353691342233.971 -113334485360.72787
29.558999999999994 3190353.9741153507 2364197319783.353 -112520352785.68526
29.857499999999995 3097647.3158573117 2374604608153.036 -111718962271.7239
30.155999999999995 3008498.233043056 2384915042037.5747 -110930002851.65607
30.454499999999996 2922737.6896517025 2395130405502.99 -110153173840.58665
30.752999999999997 2840206.1973099196 2405252433830.19 -109388184408.33333
31.051499999999994 2760753.19197476 2415282815275.353 -108634753173.19836
31.349999999999994 2684236.4566951618 2425223192751.731 -107892607815.85219
31.648499999999995 2610521.586654902 2435075165437.028 -107161484712.1693
31.946999999999996 2539481.493044311 2444840290310.2695 -106441128583.93442
32.24549999999999 2470995.9426185484 2454520083621.84 -105731292166.40562
32.54399999999999 2404951.130080246 2464116022300.1343 -105031735891.78784
32.842499999999994 2341239.2806771803 2473629545298.079 -104342227587.7297
33.14099999999999 2279758.2806340666 2483062054882.569 -103662542190.01392
33.43949999999999 2220411.333244218 2492414917869.703 -102992461468.66216
33.73799999999999 2163106.638633968 2501689466808.5244 -102331773766.72597
34.03649999999999 2107757.095382205 2510887001115.812 -101680273751.07805
34.334999999999994 2054280.0223311756 2520008788164.3394 -101037762174.56287
34.63349999999999 2002596.8990642885 2529056064326.858 -100404045648.90244
34.931999999999995 1952633.1236534016 2538030035977.958 -99778936427.79068
35.23049999999999 1904317.7863934324 2546931880455.8174 -99162252199.64447
35.52899999999999 1857583.4583469764 2555762746985.7573 -98553815889.5092
35.82749999999999 1812365.9936172229 2564523757567.402 -97953455469.64824
36.12599999999999 1768604.3443545117 2573216007827.1475 -97361003778.37265
36.424499999999995 1726240.3875813033 2581840567837.568 -96776298346.69275
36.72299999999999 1685218.7629928924 2590398482905.258 -96199181232.39822
37.02149999999999 1645486.7209573642 2598890774328.5854 -95629498861.19551
37.31999999999999 1606993.9799989234 2607318440126.701 -95067101874.55232
37.61849999999999 1569692.5931040884 2615682455741.1167 -94511844983.9198
37.916999999999994 1533536.8222409582 2623983774711.07 -93963586831.01895
38.21549999999999 1498483.020528276 2632223329323.8433 -93422189853.89928
38.51399999999999 1464489.5215335616 2640402031241.154 -92887520158.48965
38.81249999999999 1431516.5352187138 2648520772102.6416 -92359447395.37991
39.11099999999999 1399526.0500873502 2656580424107.469 -91837844641.58388
39.409499999999994 1368481.741121102 2664581840574.974 -91322588287.04979
39.70799999999999 1338348.8831224209 2672525856485.266 -90813557925.6946
40.00649999999999 1309094.26910928 2680413289000.633 -90310636250.75278
40.30499999999999 1280686.133432849 2688244937968.5537 -89813708954.24007
40.60349999999999 1253094.079312821 2696021586407.1064 -89322664630.34256
40.901999999999994 1226289.0105068514 2703744000973.4917 -88837394682.55359
41.20049999999999 1200243.0668506604 2711412932416.3765 -88357793234.38788
41.49899999999999 1174929.5634238443 2719029116012.7275 -87883757043.51193
41.79749999999999 1150322.93311358 2726593271989.7573 -87415185419.13931
42.09599999999999 1126398.672364177 2734106105932.597 -86951980142.5443
42.394499999999994 1103133.2899150376 2741568309178.2686 -86494045390.55785
42.69299999999999 1080504.2583431047 2748980559196.499 -86041287661.9147
42.99149999999999 1058489.9682383433 2756343519957.9097 -85593615706.32738
43.28999999999999 1037069.6848523932 2763657842290.071 -85150940456.16937
43.58849999999999 1016223.5070712304 2770924164221.9014 -84713174960.65623
43.88699999999999 995932.3285726004 2778143111316.872 -84280234322.41628
44.18549999999999 976177.8010382138 2785315296995.4365 -83852035636.35132
44.48399999999999 956942.2992992061 2792441322847.1157 -83428497930.68973
44.78249999999999 938208.8883013232 2799521778932.622 -83009542110.1405
45.08099999999999 919961.2917836324 2806557244076.409 -82595090901.06122
45.37949999999999 902183.8625714114 2813548286150.0063 -82185068798.55537
45.67799999999999 884861.5543902316 2820495462346.479 -81779402015.42142
45.976499999999994 867979.8951141477 2827399319446.3564 -81378018432.87653
46.27499999999999 851524.9613664373 2834260394075.3325 -80980847552.98354
46.57349999999999 835483.3543964255 2841079212954.052 -80587820452.71248
46.87199999999999 819842.177160728 2847856293140.2617 -80198869739.57076
47.17049999999999 804589.0125416775 2854592142263.6167 -79813929508.7394
47.468999999999994 789711.9026398406 2861287258753.399 -79432935301.6561
47.76749999999999 775199.329081413 2867942132059.4014 -79055824065.98732
48.06599999999999 761040.1942848649 2874557242866.2344 -78682534116.93599
48.36449999999999 747223.803634596 2881133063301.272 -78313005099.83133
48.66299999999999 733739.8485124869 2887670057136.478 -77947177953.95296
48.961499999999994 720578.3901411787 2894168679984.313 -77584994877.53989
49.25999999999999 707729.844195656 2900629379487.9385 -77226399293.94046
49.55849999999999 695184.9661422689 2907052595505.9175 -76871335818.85889
49.85699999999999 682934.8372667407 2913438760291.591 -76519750228.65764
50.15549999999999 670970.851354945 2919788298667.324 -76171589429.67499
50.45399999999999 659284.7019923375 2926101628193.7915 -75826801428.52039
50.75249999999999 647868.3704499096 2932379159334.471 -75485335303.31128
51.05099999999999 636714.1141263574 2938621295615.509 -75147141175.81596
51.34949999999999 625814.4555179053 2944828433781.1104 -74812170184.4698
51.64799999999999 615162.1716888364 2951000963944.6055 -74480374458.23207
51.94649999999999 604750.2842172974 2957139269735.335 -74151707091.2537
52.24499999999999 594572.0495923874 2963243728441.4917 -73826122118.32549
52.54349999999999 584620.9500398617 2969314711149.0522 -73503574491.07967
52.84199999999999 574890.6847550536 2975352582876.926 -73184020054.91698
53.14049999999999 565375.1615227883 2981357702708.4434 -72867415526.6342
53.43899999999999 556068.4887051752 2987330423919.306 -72553718472.7266
53.73749999999999 546964.9675792148 2993271094102.1055 -72242887288.34164
54.035999999999994 538059.0850071238 2999180055287.524 -71934881176.86174
54.33449999999999 529345.5064232189 3005057644062.326 -71629660130.0927
54.63299999999999 520819.06912205735 3010904191684.2344 -71327184909.03877
54.93149999999999 512474.7758333539 3016720024193.797 -71027417025.24205
55.22999999999999 504307.78856996546 3022505462523.332 -70730318722.66812
55.528499999999994 496313.4227359491 3028260822603.0464 -70435852960.11899
55.82699999999999 488487.1414824003 3033986415464.413 -70143983394.15509
56.12549999999999 480824.5502993975 3039682547340.8945 -69854674362.50922
56.42399999999999 473321.39183300996 3045349519766.0884 -69567890867.97609
56.72249999999999 465973.54091688007 3050987629669.381 -69283598562.76137
57.020999999999994 458776.9998084384 3056597169469.176 -69001763733.2747
57.31949999999999 451727.89362032147 3062178427163.781 -68722353285.35231
57.61799999999999 444822.4659380345 3067731686420.0127 -68445334729.895
57.91649999999999 438057.07461536553 3073257226659.5996 -68170676168.90731
58.21499999999999 431428.1877394787 3078755323143.435 -67898346281.92572
58.51349999999999 424932.37975801906 3084226247053.7544 -67628314312.8221
58.81199999999999 418566.327760954 3089670265574.296 -67360550056.97155
59.11049999999999 412326.8079102216 3095087641968.4976 -67095023848.77145
59.40899999999999 406210.6920106174 3100478635655.799 -66831706549.50145
59.70749999999999 400214.94421565864 3105843502286.088 -66570569535.513626
60.00599999999999 394336.6178624792 3111182493812.3633 -66311584686.74116
60.30449999999999 388572.85243009956 3116495858561.648 -66054724375.51704
60.60299999999999 382920.8706156848 3121783841304.2153 -65799961455.69158
60.90149999999999 377377.9755236678 3127046683321.171 -65547269252.0406
61.19999999999999 371941.5479628604 3132284622470.4346 -65296621549.95414
61.49849999999999 366609.0438469048 3137497893251.1733 -65047992585.397804
61.79699999999999 361377.99169364554 3142686726866.724 -64801357035.138016
62.09549999999999 356245.99021920253 3147851351286.054 -64556690007.223015
62.39399999999999 351210.7060227334 3152991991303.7896 -64313967031.711845
62.69249999999999 346269.8713580565 3158108868598.8623 -64073164051.643684
62.99099999999999 341421.28198848193 3163202201791.8086 -63834257414.24042
63.28949999999999 336662.7951213774 3168272206500.7583 -63597223862.33517
63.58799999999999 331992.32741914596 3173319095396.1436 -63362040526.020256
63.88649999999999 327407.8530834501 3178343078254.1743 -63128684914.50771
64.18499999999999 322907.4020096645 3183344362009.102 -62897134908.19638
64.48349999999998 318489.0580086713 3188323150804.312 -62667368750.93924
64.78199999999998 314150.95709324605 3193279646042.272 -62439365042.50468
65.08049999999999 309891.2858264111 3198214046433.3687 -62213102731.22724
65.37899999999998 305708.2797292403 3203126548043.661 -61988561106.84053
65.67749999999998 301600.22174572275 3208017344341.581 -61765719793.4886
65.97599999999998 297565.44076239533 3212886626243.6064 -61544558742.90966
66.27449999999999 293602.310180553 3217734582158.9375 -61325058227.78741
66.57299999999998 289709.2465389475 3222561398033.1973 -61107198835.26526
66.87149999999998 285884.7081849734 3227367257391.1855 -60890961460.61872
67.16999999999999 282127.1939924315 3232152341378.7085 -60676327301.08124
67.46849999999998 278435.24212403846 3236916828803.513 -60463277849.81961
67.76699999999998 274807.4288369349 3241660896175.338 -60251794890.054016
68.06549999999999 271242.36732951854 3246384717745.1167 -60041860489.319466
68.36399999999999 267738.7066280004 3251088465543.3467 -59833456993.86392
68.66249999999998 264295.1305111517 3255772309417.6455 -59626567023.17973
68.96099999999998 260910.35647177248 3260436417069.5205 -59421173464.66454
69.25949999999999 257583.13471348103 3265080954090.363 -59217259468.40799
69.55799999999998 254312.24718147327 3269706083996.695 -59014808442.10095
69.85649999999998 251096.50662596634 3274311968264.6807 -58813804046.06381
70.15499999999999 247934.7556970932 3278898766363.926 -58614230188.390495
70.45349999999998 244825.86607006058 3283466635790.577 -58416071020.20498
70.75199999999998 241768.73759944062 3288015732099.7456 -58219310931.02765
71.05049999999999 238762.29750150756 3292546208937.2646 -58023934544.24813
71.34899999999999 235805.4995635776 3297058218070.802 -57829926712.701996
71.64749999999998 232897.32337935263 3301551909420.34 -57637272514.34814
71.94599999999998 230036.77360930998 3306027431088.043 -57445957248.04474
72.24449999999999 227222.87926521988 3310484929387.5195 -57255966429.42071
72.54299999999998 224454.69301790663 3314924548872.5015 -57067285786.8403
72.84149999999998 221731.2905274088 3319346432364.949 -56879901257.45843
73.13999999999999 219051.76979472686 3323750720982.598 -56693798983.364006
73.43849999999998 216415.2505343775 3328137554165.962 -56508965307.80969
73.73699999999998 213820.8735670062 3332507069704.7993 -56325386771.525055
74.03549999999998 211267.80023134183 3336859403764.0635 -56143050109.111176
74.33399999999999 208755.21181479975 3341194690909.344 -55961942245.5151
74.63249999999998 206282.30900207325 3345513064131.811 -55782050292.58129
74.93099999999998 203848.31134107523 3349814654872.6772 -55603361545.67855
75.22949999999999 201452.45672561953 3354099593047.186 -55425863480.40062
75.52799999999998 199094.0008942522 3358368007068.135 -55249543749.33827
75.82649999999998 196772.2169446693 3362620023868.95 -55074390178.92099
76.12499999999999 194486.39486317727 3366855768926.3228 -54900390766.326935
76.42349999999998 192235.84106867394 3371075366282.406 -54727533676.45891
76.72199999999998 190019.877970647 3375278938566.5977 -54555807238.98543
77.02049999999998 187837.84354070915 3379466607016.91 -54385199945.44425
77.31899999999999 185689.09089720313 3383638491500.9346 -54215700446.407845
77.61749999999998 183572.98790243085 3387794710536.415 -54047297548.70832
77.91599999999998 181488.91677207648 3391935381311.4375 -53879980212.72119
78.21449999999999 179436.2736964102 3396060619704.24 -53713737549.705925
78.51299999999998 177414.46847287353 3400170540302.66 -53548558819.20209
78.81149999999998 175422.924149663 3404265256423.22 -53384433426.479836
79.10999999999999 173461.07667994438 3408344880129.8594 -53221350920.04316
79.40849999999999 171528.37458634065 3412409522252.3247 -53059300989.18508
79.70699999999998 169624.27863535206 3416459292404.2275 -52898273461.5928
80.00549999999998 167748.26152137876 3420494299000.765 -52738258301.00212
80.30399999999999 165899.8075600295 3424514649276.125 -52579245604.90019
80.60249999999998 164078.41239040825 3428520449300.5757 -52421225602.27477
80.90099999999998 162283.58268608624 3432511803997.246 -52264188651.40915
81.19949999999999 160514.8358744749 3436488817158.604 -52108125237.72192
81.49799999999998 158771.6998643251 3440451591462.642 -51953025971.650185
81.79649999999998 157053.71278108985 3444400228488.7754 -51798881586.57532
82.09499999999998 155360.4227098959 3448334828733.4517 -51645682936.79048
82.39349999999999 153691.38744587894 3452255491625.492 -51493420995.50818
82.69199999999998 152046.1742516455 3456162315541.1567 -51342086852.90808
82.99049999999998 150424.35962163415 3460055397818.9473 -51191671714.22303
83.28899999999999 148825.52905315583 3463934834774.148 -51042166897.86314
83.58749999999998 147249.27682390087 3467800721713.1177 -50893563833.57687
83.88599999999998 145695.2057757077 3471653152947.3296 -50745854060.647766
84.18449999999999 144162.92710439663 3475492221807.1655 -50599029226.12684
84.48299999999998 142652.06015547717 3479318020655.479 -50453081083.09928
84.78149999999998 141162.23222554452 3483130640900.9185 -50308001488.984856
85.07999999999998 139693.07836918917 3486930173011.0244 -50163782403.87101
85.37849999999999 138244.2412112464 3490716706525.1016 -50020415888.87838
85.67699999999998 136815.3707642208 3494490330066.8735 -49877894104.55759
85.97549999999998 135406.12425072576 3498251131356.924 -49736209309.31656
86.27399999999999 134016.16593078413 3501999197224.9194 -49595353857.87825
86.57249999999998 132645.16693383973 3505734613621.6353 -49455320199.7676
86.87099999999998 131292.8050953361 3509457465630.776 -49316100877.82688
87.16949999999999 129958.76479772411 3513167837480.5947 -49177688526.75956
87.46799999999998 128642.73681576212 3516865812555.323 -49040075871.701164
87.76649999999998 127344.41816598039 3520551473406.4097 -48903255726.81744
88.06499999999998 126063.51196018331 3524224901763.569 -48767220993.92825
88.36349999999999 124799.72726286786 3527886178545.65 -48631964661.15756
88.66199999999998 123552.77895244141 3531535383871.3296 -48497479801.608444
88.96049999999998 122322.38758612475 3535172597069.624 -48363759572.062416
89.25899999999999 121108.27926843145 3538797896690.23 -48230797211.70307
89.55749999999998 119910.18552311648 3542411360513.699 -48098586040.86299
89.85599999999998 118727.84316849199 3546013065561.4473 -47967119459.79392
90.15449999999998 117560.99419601113 3549603088105.5957 -47836390947.45915
90.45299999999999 116409.38565202321 3553181503678.6626 -47706394060.34834
90.75149999999998 115272.769522608 3556748387083.0903 -47577122431.31338
91.04999999999998 114150.90262139884 3560303812400.625 -47448569768.4257
91.34849999999999 113043.54648030778 3563847853001.5425 -47320729853.85421
91.64699999999998 111950.46724306849 3567380581553.7285 -47193596542.763145
91.94549999999998 110871.43556151523 3570902070031.615 -47067163762.230286
92.24399999999999 109806.22649451964 3574412389724.9766 -46941425510.18385
92.54249999999998 108754.61940950844 3577911611247.58 -46816375854.35884
92.84099999999998 107716.39788648787 3581399804545.71 -46692008931.271805
93.13949999999998 106691.34962450448 3584877038906.55 -46568318945.21374
93.43799999999999 105679.26635047156 3588343382966.437 -46445300167.26082
93.73649999999998 104679.94373029492 3591798904718.988 -46322946934.302536
94.03499999999998 103693.18128223263 3595243671523.0977 -46201253648.08711
94.33349999999999 102718.78229242629 3598677750110.813 -46080214774.28326
94.63199999999998 101756.55373254183 3602101206595.0874 -45959824841.5587
94.93049999999998 100806.30617946171 3605514106477.413 -45840078440.67444
95.22899999999998 99867.85373697072 3608916514655.3384 -45720970223.594925
95.52749999999997 98941.01395938013 3612308495429.866 -45602494902.61355
95.82599999999998 98025.60777703558 3615690112512.747 -45484647249.49328
96.12449999999998 97121.45942365822 3619061429033.6523 -45367422094.62208
96.42299999999999 96228.39636546695 3622422507547.242 -45250814326.182625
96.72149999999998 95346.24923203334 3625773410040.131 -45134818889.3364
97.01999999999998 94474.8517488218 3629114197937.7383 -45019430785.42183
97.31849999999999 93614.04067136941 3632444932111.0474 -44904645071.16564
97.61699999999998 92763.65572105933 3635765672883.2524 -44790456857.907974
97.91549999999998 91923.53952244598 3639076480036.313 -44676861310.84044
98.21399999999998 91093.53754208915 3642377412817.4097 -44563853648.25686
98.51249999999999 90273.49802885645 3645668529945.3022 -44451429140.81692
98.81099999999998 89463.27195565481 3648949889616.5923 -44339583110.8218
99.10949999999998 88662.71296255186 3652221549511.8994 -44228310931.50214
99.40799999999999 87871.67730125137 3655483566801.9385 -44117608026.31793
99.70649999999998 87090.02378088531 3658735998153.513 -44007469868.2696
100.00499999999998 86317.61371508792 3661978899735.4204 -43897891979.22111
100.30349999999999 85554.31087031837 3665212327224.2686 -43788869929.23366
100.60199999999998 84799.98141539794 3668436335810.2075 -43680399335.910736
100.90049999999998 84054.49387223052 3671650980202.584 -43572475863.75373
101.19899999999998 83317.71906767497 3674856314635.504 -43465095223.52821
101.49749999999999 82589.53008653919 3678052392873.3257 -43358253171.640495
101.79599999999998 81869.80222566647 3681239268216.064 -43251945509.52414
102.09449999999998 81158.41294908585 3684416993504.725 -43146168083.03687
102.39299999999999 80455.24184419862 3687585621126.5596 -43040916781.86682
102.69149999999998 79760.17057897458 3690745203020.2427 -42936187538.948654
102.98999999999998 79073.08286013083 3693895790680.9805 -42831976329.88874
103.28849999999998 78393.86439226945 3697037435165.5444 -42728279172.39994
103.58699999999997 77722.40283794786 3700170187097.2344 -42625092125.74524
103.88549999999998 77058.58777865885 3703294096670.768 -42522411290.19031
104.18399999999998 76402.31067669686 3706409213657.109 -42420232806.46455
104.48249999999999 75753.46483788778 3709515587408.219 -42318552855.23104
104.78099999999998 75111.94537516049 3712613266861.7515 -42217367656.56471
105.07949999999998 74477.64917293859 3715702300545.6714 -42116673469.43877
105.37799999999999 73850.4748523321 3718782736582.8184 -42016466591.219154
105.67649999999998 73230.32273710833 3721854622695.4023 -41916743357.16682
105.97499999999998 72617.09482042269 3724918006209.437 -41817500139.94825
106.27349999999998 72010.69473229053 3727972934059.114 -41718733349.153076
106.57199999999999 71411.02770778125 3731019452791.1147 -41620439430.81946
106.87049999999998 70818.00055591672 3734057608568.866 -41522614866.96699
107.16899999999998 70231.52162925649 3737087447176.7344 -41425256175.13643
107.46749999999999 69651.50079415311 3740109014024.165 -41328359907.936844
107.76599999999998 69077.8494016605 3743122354149.7627 -41231922652.599846
108.06449999999998 68510.48025907956 3746127512225.3213 -41135941030.54012
108.36299999999999 67949.30760212535 3749124532559.7915 -41040411696.923355
108.66149999999998 67394.2470677007 3752113459103.2046 -40945331340.240295
108.95999999999998 66845.21566726081 3755094335450.533 -40850696681.887436
109.25849999999998 66302.13176075571 3758067204845.5083 -40756504475.75421
109.55699999999999 65764.91503113501 3761032110184.3813 -40662751507.8161
109.85549999999998 65233.48645940249 3763989094019.6367 -40569434595.73449
110.15399999999998 64707.76830020656 3766938198563.656 -40476550588.461754
110.45249999999999 64187.68405795412 3769879465692.3286 -40384096365.853004
110.75099999999998 63673.15846343483 3772812936948.624 -40292068838.28329
111.04949999999998 63164.11745094376 3775738653546.1064 -40200464946.27049
111.34799999999998 62660.48813589058 3778656656372.411 -40109281660.104
111.64649999999997 62162.19879288349 3781566985992.668 -40018515979.47897
111.94499999999998 61669.17883427664 3784469682652.8896 -39928164933.13577
112.24349999999998 61181.35878917022 3787364786283.3047 -39838225578.50479
112.54199999999999 60698.670282852225 3790252336501.6553 -39748695001.356926
112.84049999999998 60221.04601667169 3793132372616.4473 -39659570315.45858
113.13899999999998 59748.41974833305 3796004933630.1606 -39570848662.23213
113.43749999999999 59280.726272602034 3798870058242.419 -39482527210.42132
113.73599999999998 58817.90140241313 3801727784853.1133 -39394603155.76138
114.03449999999998 58359.881950369236 3804578151565.494 -39307073720.65415
114.33299999999998 57906.605710624826 3807421196189.2134 -39219936153.84783
114.63149999999997 57458.01144114315 3810256956243.338 -39133187730.121376
114.92999999999998 57014.03884631896 3813085468959.3145 -39046825749.973526
115.22849999999998 56574.62855995868 3815906771283.9053 -38960847539.316216
115.52699999999999 56139.72212860917 3818720899882.082 -38875250449.17234
115.82549999999998 55709.26199522765 3821527891139.8833 -38790031855.37814
116.12399999999998 55283.19148318427 3824327781167.2363 -38705189158.289665
116.42249999999999 54861.4547805907 3827120605800.746 -38620719782.49323
116.72099999999998 54443.99692494623 3829906400606.4424 -38536621176.52058
117.01949999999998 54030.76378809479 3832685200882.5 -38452890812.56738
117.31799999999998 53621.702061485856 3835457041661.92 -38369526186.21621
117.61649999999999 53216.75924173192 3838221957715.178 -38286524816.163315
117.91499999999998 52815.8836164562 3840979983552.844 -38203884243.949196
118.21349999999998 52419.02425042395 3843731153428.164 -38121602033.69296
118.51199999999999 52026.13097195094 3846475501339.609 -38039675771.83052
118.81049999999998 51637.1543595829 3849213061033.399 -37958103066.85641
119.10899999999998 51252.04572903994 3851943866005.992 -37876881549.06914
119.40749999999998 50870.75712041994 3854667949506.5415 -37796008870.320145
119.70599999999997 50493.241285655204 3857385344539.322 -37715482703.76615
120.00449999999998 50119.451676216624 3860096083866.134 -37635300743.62531
120.30299999999998 49749.34243106025 3862800200008.6675 -37555460704.93616
120.60149999999999 49382.86836481031 3865497725250.8447 -37475960323.32049
120.89999999999998 49019.98495617403 3868188691641.1323 -37396797354.74883
121.19849999999998 48660.648336582766 3870873130994.8257 -37317969575.30983
121.49699999999999 48304.81527905479 3873551074896.3027 -37239474780.982376
121.79549999999998 47952.44318727461 3876222554701.256 -37161310787.411
122.09399999999998 47603.49008488424 3878887601538.8936 -37083475429.68415
122.39249999999998 47257.91460498177 3881546246314.115 -37005966562.1157
122.69099999999997 46915.6759798229 3884198519709.661 -36928782058.02939
122.98949999999998 46576.73403072051 3886844452188.2383 -36851919809.546036
123.28799999999998 46241.049158138776 3889484073994.616 -36775377727.37376
123.58649999999999 45908.58233197697 3892117415157.704 -36699153740.60107
123.88499999999998 45579.29508203912 3894744505492.596 -36623245796.49265
124.18349999999998 45253.14948868555 3897365374602.6 -36547651860.28763
124.48199999999999 44930.1081736625 3899980051881.2363 -36472369915.00133
124.78049999999998 44610.1342911057 3902588566514.215 -36397397961.22859
125.07899999999998 44293.19151871448 3905190947481.3916 -36322734016.95079
125.37749999999998 43979.24404909278 3907787223558.6978 -36248376117.3445
125.67599999999997 43668.25658125334 3910377423320.049 -36174322314.59331
125.97449999999998 43360.194312281696 3912961575139.232 -36100570677.70186
126.27299999999998 43055.02292915678 3915539707191.7686 -36027119292.31248
126.57149999999999 42752.7086007245 3918111847456.76 -35953966260.52399
126.86999999999998 42453.21796982139 3920678023718.7056 -35881109700.713295
127.16849999999998 42156.518145544906 3923238263569.306 -35808547747.358894
127.46699999999998 41862.57669566767 3925792594409.2417 -35736278550.86681
127.76549999999997 41571.36163919222 3928341043449.929 -35664300277.39912
128.06399999999996 41282.84143904364 3930883637715.2656 -35592611108.70411
128.36249999999998 40996.98499489719 3933420404043.3433 -35521209241.94936
128.66099999999997 40713.76163613795 3935951369088.15 -35450092889.55637
128.95949999999996 40433.141114949925 3938476559321.2505 -35379260279.03767
129.25799999999995 40155.09359953186 3940996001033.4453 -35308709652.83577
129.55649999999997 39879.58966743723 3943509720336.414 -35238439268.16461
129.85499999999996 39606.60029903584 3946017743164.339 -35168447396.85257
130.15349999999998 39336.09687109426 3948520095275.508 -35098732325.18781
130.45199999999997 39068.051150473315 3951016802253.9023 -35029292353.765526
130.75049999999996 38802.43528793946 3953507889510.7695 -34960125797.33695
131.04899999999998 38539.22181208825 3955993382286.1694 -34891230984.66053
131.34749999999997 38278.38362337773 3958473305650.5093 -34822606258.35501
131.64599999999996 38019.893988268755 3960947684506.064 -34754249974.75409
131.94449999999998 37763.726533470995 3963416543588.4727 -34686160503.763145
132.24299999999997 37509.85524029206 3965879907468.2246 -34618336228.71784
132.54149999999996 37258.25443908749 3968337800552.123 -34550775546.24429
132.83999999999997 37008.89880380993 3970790247084.7393 -34483476866.12099
133.13849999999996 36761.76334665551 3973237271149.8433 -34416438611.14285
133.43699999999995 36516.823412805046 3975678896671.8267 -34349659216.986294
133.73549999999997 36274.05467525866 3978115147417.103 -34283137132.076683
134.03399999999996 36033.43312976188 3980546046995.496 -34216870817.457092
134.33249999999995 35794.935089820916 3982971618861.614 -34150858746.658474
134.63099999999997 35558.53718180618 3985391886316.203 -34085099405.571934
134.92949999999996 35324.21634014159 3987806872507.495 -34019591292.322327
135.22799999999998 35091.94980257814 3990216600432.533 -33954332917.143257
135.52649999999997 34861.7151055505 3992621092938.484 -33889322802.254047
135.82499999999996 34633.490079614305 3995020372723.9395 -33824559481.737797
136.12349999999998 34407.252844963194 3997414462340.2017 -33760041501.421085
136.42199999999997 34182.98180702369 3999803384192.554 -33695767418.755287
136.72049999999996 33960.65565212633 4002187160541.5195 -33631735802.699047
137.01899999999998 33740.253343252 4004565813504.104 -33567945233.60265
137.31749999999997 33521.75411585156 4006939365055.0283 -33504394303.093246
137.61599999999996 33305.137473737406 4009307837027.9453 -33441081613.96176
137.91449999999998 33090.3831850459 4011671251116.6455 -33378005780.051292
138.21299999999997 32877.471278269004 4014029628876.249 -33315165426.146538
138.51149999999996 32666.38203835369 4016382991724.3833 -33252559187.864838
138.80999999999997 32457.096002868224 4018731360942.3525 -33190185711.548435
139.10849999999996 32249.593958233745 4021074757676.288 -33128043654.157856
139.40699999999995 32043.856936019827 4023413202938.2964 -33066131683.166924
139.70549999999997 31839.866209303047 4025746717607.584 -33004448476.458786
140.00399999999996 31637.603289087296 4028075322431.578 -32942992722.223087
140.30249999999995 31437.04992078441 4030399038027.0337 -32881763118.854683
140.60099999999997 31238.188080754324 4032717884881.1284 -32820758374.853325
140.89949999999996 31040.99997290348 4035031883352.543 -32759977208.724525
141.19799999999998 30845.468025340186 4037341053672.5396 -32699418348.88183
141.49649999999997 30651.574887086324 4039645415946.0156 -32639080533.549843
141.79499999999996 30459.30342484378 4041944990152.5605 -32578962510.668945
142.09349999999998 30268.636719815033 4044239796147.4907 -32519063037.800472
142.39199999999997 30079.558064576708 4046529853662.8784 -32459380882.033646
142.69049999999996 29892.050960004948 4048815182308.5728 -32399914819.893124
142.98899999999998 29706.09911225193 4051095801573.2017 -32340663637.247852
143.28749999999997 29521.686429772468 4053371730825.174 -32281626129.22115
143.58599999999996 29338.797020399536 4055642989313.6636 -32222801100.1013
143.88449999999997 29157.41518846822 4057909596169.586 -32164187363.25366
144.18299999999996 28977.5254319869 4060171570406.5654 -32105783741.033768
144.48149999999995 28799.11243985482 4062428930921.8926 -32047589064.701103
144.77999999999997 28622.161089125337 4064681696497.471 -31989602174.334293
145.07849999999996 28446.65644231396 4066929885800.7534 -31931821918.7469
145.37699999999995 28272.583744750114 4069173517385.6704 -31874247155.404438
145.67549999999997 28099.928421972258 4071412609693.5513 -31816876750.342304
145.97399999999996 27928.676077165233 4073647181054.0293 -31759709578.08449
146.27249999999998 27758.81248863912 4075877249685.9443 -31702744521.563385
146.57099999999997 27590.323607349088 4078102833698.2344 -31645980472.04058
146.86949999999996 27423.19555445505 4080323951090.8154 -31589416329.028267
147.16799999999998 27257.414618920866 4082540619755.458 -31533051000.211716
147.46649999999997 27092.967255152136 4084752857476.648 -31476883401.37279
147.76499999999996 26929.840080671802 4086960681932.445 -31420912456.3139
148.06349999999998 26768.019873833113 4089164110695.33 -31365137096.783363
148.36199999999997 26607.493571569186 4091363161233.0435 -31309556262.40111
148.66049999999996 26448.248267178355 4093557850909.4165 -31254168900.585617
148.95899999999997 26290.271208144855 4095748196985.192 -31198973966.481194
149.25749999999996 26133.549793994294 4097934216618.8413 -31143970422.886715
149.55599999999995 25978.071574182854 4100115926867.369 -31089157240.184647
149.85449999999997 25823.824246020187 4102293344687.1133 -31034533396.27095
150.15299999999996 25670.795652625005 4104466486934.5312 -30980097876.48599
150.45149999999995 25518.9737809129 4106635370366.989 -30925849673.54591
150.74999999999997 25368.346759615906 4108800011643.5317 -30871787787.47514
151.04849999999996 25218.902857333134 4110960427325.6533 -30817911225.539314
151.34699999999995 25070.630480611962 4113116633878.056 -30764219002.178993
151.64549999999997 24923.518172059226 4115268647669.404 -30710710138.94431
151.94399999999996 24777.554608482053 4117416484973.066 -30657383664.430058
152.24249999999998 24632.728599057435 4119560161967.8574 -30604238614.21182
152.54099999999997 24489.029083530495 4121699694738.768 -30551274030.782528
152.83949999999996 24346.445130440614 4123835099277.6904 -30498488963.48977
153.13799999999998 24204.965935375032 4125966391484.131 -30445882468.473923
153.43649999999997 24064.58081924961 4128093587165.925 -30393453608.606735
153.73499999999996 23925.279226615887 4130216702039.938 -30341201453.43086
154.03349999999998 23787.050723994427 4132335751732.763 -30289125079.09975
154.33199999999997 23649.884998233756 4134450751781.409 -30237223568.318497
154.63049999999996 23513.77185489436 4136561717633.988 -30185496010.284943
154.92899999999997 23378.70121665758 4138668664650.3867 -30133941500.631866
155.22749999999996 23244.663121758833 4140771608102.942 -30082559141.36948
155.52599999999995 23111.647722444563 4142870563177.1016 -30031348040.828674
155.82449999999997 22979.645283452915 4144965544972.0835 -29980307313.60469
156.12299999999996 22848.64618051744 4147056568501.528 -29929436080.50177
156.42149999999995 22718.640898893376 4149143648694.14 -29878733468.478035
156.71999999999997 22589.62003190641 4151226800394.334 -29828198610.591206
157.01849999999996 22461.574279523335 4153306038362.862 -29777830645.944565
157.31699999999998 22334.49444694416 4155381377277.444 -29727628719.63396
157.61549999999997 22208.37144321565 4157452831733.388 -29677591982.69513
157.91399999999996 22083.19627986542 4159520416244.209 -29627719592.05136
158.21249999999998 21958.960069556757 4161584145242.233 -29578010710.462067
158.51099999999997 21835.654024763502 4163644033079.2085 -29528464506.471916
158.80949999999996 21713.269456464666 4165700094026.899 -29479080154.3601
159.10799999999998 21591.797772858634 4167752342277.6807 -29429856834.090496
159.40649999999997 21471.230478096488 4169800791945.1265 -29380793731.262337
159.70499999999996 21351.559171034056 4171845457064.593 -29331890037.061165
160.00349999999997 21232.775544002623 4173886351593.7925 -29283144948.210567
160.30199999999996 21114.871381597775 4175923489413.3667 -29234557666.924202
160.60049999999995 20997.838559486103 4177956884327.4546 -29186127400.858437
160.89899999999997 20881.66904322958 4179986550064.251 -29137853363.06553
161.19749999999996 20766.35488712724 4182012500276.5635 -29089734771.947163
161.49599999999995 20651.88823307385 4184034748542.3633 -29041770851.208496
161.79449999999997 20538.261309435322 4186053308365.3335 -28993960829.812733
162.09299999999996 20425.4664299407 4188068193175.4053 -28946303941.936382
162.39149999999995 20313.49599259017 4190079416329.2983 -28898799426.924313
162.68999999999997 20202.342478579158 4192086991111.0503 -28851446529.24607
162.98849999999996 20091.998451238018 4194090930732.5415 -28804244498.45212
163.28699999999998 19982.456554987144 4196091248334.021 -28757192589.13081
163.58549999999997 19873.70951430732 4198087956984.618 -28710290060.865555
163.88399999999996 19765.750132724836 4200081069682.8584 -28663536178.192585
164.18249999999998 19658.57129181141 4202070599357.17 -28616930210.55906
164.48099999999997 19552.165950198538 4204056558866.3877 -28570471432.281937
164.77949999999996 19446.527142605948 4206038961000.2495 -28524159122.506668
165.07799999999997 19341.647978884106 4208017818479.893 -28477992565.166702
165.37649999999996 19237.521643070497 4209993143958.3433 -28431971048.943424
165.67499999999995 19134.141392459318 4211964950020.999 -28386093867.226368
165.97349999999997 19031.500556684554 4213933249186.115 -28340360318.073845
166.27199999999996 18929.59253681621 4215898053905.277 -28294769704.174057
166.57049999999995 18828.41080446925 4217859376563.8726 -28249321332.806274
166.86899999999997 18727.94890092538 4219817229481.565 -28204014515.80309
167.16749999999996 18628.200436267245 4221771624912.752 -28158848569.51233
167.46599999999995 18529.15908852485 4223722575047.0293 -28113822814.759663
167.76449999999997 18430.81860283414 4225670092009.645 -28068936576.811676
168.06299999999996 18333.172790607467 4227614187861.9517 -28024189185.33917
168.36149999999998 18236.215528715653 4229554874601.857 -27979579974.3808
168.65999999999997 18139.940758681736 4231492164164.263 -27935108282.30724
168.95849999999996 18044.342485885845 4233426068421.5127 -27890773451.78556
169.25699999999998 17949.41477878141 4235356599183.821 -27846574829.743935
169.55549999999997 17855.151768122294 4237283768199.7085 -27802511767.33679
169.85399999999996 17761.54764620062 4239207587156.4355 -27758583619.91042
170.15249999999997 17668.596666095393 4241128067680.42 -27714789746.96848
170.45099999999996 17576.293140931535 4243045221337.664 -27671129512.13846
170.74949999999995 17484.631443149166 4244959059634.169 -27627602283.13795
171.04799999999997 17393.606003783065 4246869594016.352 -27584207431.74158
171.34649999999996 17303.211311752217 4248776835871.454 -27540944333.748005
171.64499999999995 17213.44191315899 4250680796527.9507 -27497812368.947475
171.94349999999997 17124.292410598144 4252581487255.952 -27454810921.08959
172.24199999999996 17035.75746247537 4254478919267.6055 -27411939377.85131
172.54049999999995 16947.831782335063 4256373103717.491 -27369197130.805447
172.83899999999997 16860.51013819751 4258264051703.016 -27326583575.3893
173.13749999999996 16773.78735190507 4260151774264.8037 -27284098110.873657
173.43599999999995 16687.658298477287 4262036282387.0806 -27241740140.332134
173.73449999999997 16602.1179054749 4263917586998.061 -27199509070.61086
174.03299999999996 16517.16115237248 4265795698970.326 -27157404312.298225
174.33149999999998 16432.78306993959 4267670629121.2 -27115425279.695076
174.62999999999997 16348.978739630444 4269542388213.1265 -27073571390.785324
174.92849999999996 16265.743292981751 4271410986954.034 -27031842067.206562
175.22699999999998 16183.071911018791 4273276435997.7124 -26990236734.221237
175.52549999999997 16100.959823669524 4275138745944.1665 -26948754820.68787
175.82399999999996 16019.40230918656 4276997927339.986 -26907395759.032593
176.12249999999997 15938.394693576976 4278853990678.6987 -26866158985.221104
176.42099999999996 15857.932350039808 4280706946401.13 -26825043938.730816
176.71949999999995 15778.010698411053 4282556804895.7505 -26784050062.52324
177.01799999999997 15698.62520461617 4284403576499.0303 -26743176803.016514
177.31649999999996 15619.771380129914 4286247271495.78 -26702423610.058544
177.61499999999995 15541.444781443339 4288087900119.5 -26661789936.899918
177.91349999999997 15463.64100953796 4289925472552.7173 -26621275240.167477
178.21199999999996 15386.35570936695 4291759998927.325 -26580878979.83803
178.51049999999995 15309.58456934317 4293591489324.918 -26540600619.212166
178.80899999999997 15233.323320834033 4295419953777.124 -26500439624.88846
179.10749999999996 15157.567737663117 4297245402265.933 -26460395466.738
179.40599999999998 15082.313635618253 4299067844724.0264 -26420467617.878815
179.70449999999997 15007.55687196627 4300887291035.098 -26380655554.650997
180.00299999999996 14933.293344974009 4302703751034.18 -26340958756.59164
180.30149999999998 14859.518993435708 4304517234507.957 -26301376706.410255
180.59999999999997 14786.22979620664 4306327751195.0854 -26261908889.96439
180.89849999999996 14713.421771742784 4308135310786.507 -26222554796.235455
181.19699999999997 14641.09097764658 4309939922925.759 -26183313917.304573
181.49549999999996 14569.233510218683 4311741597209.283 -26144185748.32922
181.79399999999995 14497.84550401545 4313540343186.7324 -26105169787.519287
182.09249999999997 14426.923131412299 4315336170361.2744 -26066265536.113983
182.39099999999996 14356.462602172749 4317129088189.892 -26027472498.35871
182.68949999999995 14286.460163022988 4318919106083.6826 -25988790181.482296
182.98799999999997 14216.91209723204 4320706233408.155 -25950218095.674057
183.28649999999996 14147.814724197371 4322490479483.5215 -25911755754.061584
183.58499999999995 14079.164399035799 4324271853584.992 -25873402672.688423
183.88349999999997 14010.95751217972 4326050364943.0625 -25835158370.491962
184.18199999999996 13943.190488978607 4327826022743.8003 -25797022369.281616
184.48049999999998 13875.859789305488 4329598836129.1304 -25758994193.71725
184.77899999999997 13808.961907168657 4331368814197.1177 -25721073371.287624
185.07749999999996 13742.493370328239 4333135966002.247 -25683259432.289204
185.37599999999998 13676.450739917724 4334900300555.701 -25645551909.805042
185.67449999999997 13610.830610070367 4336661826825.635 -25607950339.68399
185.97299999999996 13545.629607550283 4338420553737.45 -25570454260.519814
186.27149999999997 13480.84439138832 4340176490174.0684 -25533063213.630955
186.56999999999996 13416.471652522563 4341929644976.1973 -25495776743.040096
186.86849999999995 13352.508113443339 4343680026942.598 -25458594395.453987
187.16699999999997 13288.950527842806 4345427644830.3525 -25421515720.243504
187.46549999999996 13225.795680268964 4347172507355.124 -25384540269.42404
187.76399999999995 13163.040385784016 4348914623191.4194 -25347667597.63567
188.06249999999997 13100.68148962705 4350654000972.846 -25310897262.123882
188.36099999999996 13038.715866881039 4352390649292.3696 -25274228822.720417
188.65949999999995 12977.140422143926 4354124576702.57 -25237661841.823883
188.95799999999997 12915.952089203925 4355855791715.891 -25201195884.381226
189.25649999999996 12855.147830718908 4357584302804.8945 -25164830517.868687
189.55499999999995 12794.724637899719 4359310118402.506 -25128565312.273464
189.85349999999997 12734.67953019755 4361033246902.2637 -25092399840.075146
190.15199999999996 12675.009554995188 4362753696658.563 -25056333676.227642
190.45049999999998 12615.711787302078 4364471475986.8984 -25020366398.14085
190.74899999999997 12556.783329453257 4366186593164.1055 -24984497585.66302
191.04749999999996 12498.221310811954 4367899056428.6006 -24948726821.06273
191.34599999999998 12440.022887475936 4369608873980.617 -24913053689.011536
191.64449999999997 12382.185241987498 4371316053982.4424 -24877477776.566296
191.94299999999996 12324.705583046993 4373020604558.6494 -24841998673.152054
192.24149999999997 12267.581145229942 4374722533796.3325 -24806615970.544666
192.53999999999996 12210.809188707657 4376421849745.3325 -24771329262.85409
192.83849999999995 12154.386998971231 4378118560418.4697 -24736138146.50742
193.13699999999997 12098.311886558997 4379812673791.7676 -24701042220.232
193.43549999999996 12042.581186787314 4381504197804.679 -24666041085.039158
193.73399999999995 11987.192259484618 4383193140360.31 -24631134344.20758
194.03249999999997 11932.142488728792 4384879509325.6396 -24596321603.267166
194.33099999999996 11877.429282587706 4386563312531.741 -24561602469.982876
194.62949999999995 11823.050072862912 4388244557774.0 -24526976554.338646
194.92799999999997 11769.002314836518 4389923252812.3296 -24492443468.521793
195.22649999999996 11715.2834870211 4391599405371.386 -24458002826.906902
195.52499999999998 11661.891090912653 4393273023140.7847 -24423654246.040607
195.82349999999997 11608.822650746573 4394944113775.306 -24389397344.626038
196.12199999999996 11556.075713256547 4396612684895.1113 -24355231743.50737
196.42049999999998 11503.647847436407 4398278744085.946 -24321157065.65486
196.71899999999997 11451.536644304833 4399942298899.353 -24287172936.149525
197.01749999999996 11399.739716672912 4401603356852.868 -24253278982.16856
197.31599999999997 11348.254698914463 4403261925430.238 -24219474832.97038
197.61449999999996 11297.079246739173 4404918012081.607 -24185760119.879772
197.91299999999995 11246.21103696842 4406571624223.73 -24152134476.273647
198.21149999999997 11195.647767313782 4408222769240.167 -24118597537.566425
198.50999999999996 11145.387156158244 4409871454481.477 -24085148941.19586
198.80849999999995 11095.426942339955 4411517687265.42 -24051788326.608818
199.10699999999997 11045.764884938606 4413161474877.154 -24018515335.24708
199.40549999999996 10996.398763064364 4414802824569.42 -23985329610.533768
199.70399999999995 10947.326375649276 4416441743562.74 -23952230797.85911
200.00249999999997 10898.545541241176 4418078239045.606 -23919218544.56693
200.30099999999996 10850.054097800068 4419712318174.67 -23886292499.941143
200.59949999999995 10801.849902496853 4421343988074.929 -23853452315.192112
200.89799999999997 10753.930831514479 4422973255839.916 -23820697643.44337
201.19649999999996 10706.294779851474 4424600128531.881 -23788028139.7184
201.49499999999998 10658.939661127702 4426224613181.976 -23755443460.927433
201.79349999999997 10611.8634073925 4427846716790.437 -23722943265.85444
202.09199999999996 10565.063968935014 4429466446326.768 -23690527215.14431
202.39049999999997 10518.539314096792 4431083808729.914 -23658194971.289806
202.68899999999996 10472.287429086571 4432698810908.446 -23625946198.619053
202.98749999999995 10426.3063177972 4434311459740.736 -23593780563.282917
203.28599999999997 10380.59400162475 4435921762075.131 -23561697733.2424
203.58449999999996 10335.148519289722 4437529724730.127 -23529697378.25649
203.88299999999995 10289.967926660305 4439135354494.546 -23497779169.86945
204.18149999999997 10245.050296577736 4440738658127.706 -23465942781.39911
204.47999999999996 10200.393718683687 4442339642359.59 -23434187887.924507
204.77849999999995 10155.996299249604 4443938313891.018 -23402514166.273865
205.07699999999997 10111.856161008087 4445534679393.814 -23370921295.012775
205.37549999999996 10067.971442986203 4447128745510.975 -23339408954.432556
205.67399999999995 10024.340300340698 4448720518856.831 -23307976826.53821
205.97249999999997 9980.960904195124 4450310006017.219 -23276624595.037224
206.27099999999996 9937.831441478887 4451897213549.637 -23245351945.32775
206.56949999999998 9894.95011476807 4453482147983.412 -23214158564.487404
206.86799999999997 9852.31514212814 4455064815819.861 -23183044141.26173
207.16649999999996 9809.924756958453 4456645223532.449 -23152008366.05325
207.46499999999997 9767.777207838508 4458223377566.948 -23121050930.910038
207.76349999999996 9725.870758376017 4459799284341.597 -23090171529.51491
208.06199999999995 9684.203687056633 4461372950247.253 -23059369857.17435
208.36049999999997 9642.77428709548 4462944381647.555 -23028645610.80765
208.65899999999996 9601.580866290311 4464513584879.07 -22997998488.936157
208.95749999999995 9560.621746876346 4466080566251.455 -22967428191.67268
209.25599999999997 9519.89526538279 4467645332047.599 -22936934420.710564
209.55449999999996 9479.399772490946 4469207888523.781 -22906516879.313667
209.85299999999995 9439.133632893952 4470768241909.821 -22876175272.305397
210.15149999999997 9399.09522515809 4472326398409.226 -22845909306.058735
210.44999999999996 9359.28294158569 4473882364199.333 -22815718688.485813
210.74849999999995 9319.69518807954 4475436145431.469 -22785603129.02774
211.04699999999997 9280.330384008856 4476987748231.085 -22755562338.644627
211.34549999999996 9241.186962076756 4478537178697.905 -22725596029.805294
211.64399999999998 9202.263368189195 4480084442906.073 -22695703916.477528
211.94249999999997 9163.558061325411 4481629546904.291 -22665885714.11822
212.24099999999996 9125.069513409784 4483172496715.962 -22636141139.66356
212.53949999999998 9086.79620918515 4484713298339.333 -22606469911.519173
212.83799999999997 9048.73664608754 4486251957747.633 -22576871749.550682
213.13649999999996 9010.88933412228 4487788480889.214 -22547346375.0741
213.43499999999997 8973.252795741491 4489322873687.684 -22517893510.846283
213.73349999999996 8935.82556572299 4490855142042.051 -22488512881.05562
214.03199999999995 8898.606191050447 4492385291826.853 -22459204211.312626
214.33049999999997 8861.59323079496 4493913328892.298 -22429967228.640694
214.62899999999996 8824.785255997893 4495439259064.393 -22400801661.46698
214.92749999999995 8788.180849555021 4496963088145.083 -22371707239.613213
215.22599999999997 8751.778606101954 4498484821912.379 -22342683694.28668
215.52449999999996 8715.577131900836 4500004466120.491 -22313730758.071278
215.82299999999995 8679.575044728272 4501522026499.959 -22284848164.918564
216.12149999999997 8643.770973764495 4503037508757.78 -22256035650.138947
216.41999999999996 8608.163559483775 4504550918577.542 -22227292950.39298
216.71849999999995 8572.75145354599 4506062261619.546 -22198619803.68251
217.01699999999997 8537.533318689402 4507571543520.9375 -22170015949.342247
217.31549999999996 8502.50782862463 4509078769895.831 -22141481128.031128
217.61399999999998 8467.673667929725 4510583946335.434 -22113015081.723766
217.91249999999997 8433.02953194647 4512087078408.173 -22084617553.702087
218.21099999999996 8398.574126677713 4513588171659.816 -22056288288.546856
218.50949999999997 8364.306168685902 4515087231613.599 -22028027032.129696
218.80799999999996 8330.224384992689 4516584263770.341 -21999833531.604393
219.10649999999995 8296.3275129796 4518079273608.57 -21971707535.39915
219.40499999999997 8262.61430028982 4519572266584.6455 -21943648793.20814
219.70349999999996 8229.083504731036 4521063248132.87 -21915657055.983734
220.00199999999995 8195.733894179291 4522552223665.615 -21887732075.928394
220.30049999999997 8162.564246483924 4524039198573.4375 -21859873606.486652
220.59899999999996 8129.573349373515 4525524178225.192 -21832081402.337482
220.89749999999995 8096.760000362832 4527007167968.155 -21804355219.38627
221.19599999999997 8064.123006660788 4528488173128.134 -21776694814.75725
221.49449999999996 8031.661185079403 4529967199009.583 -21749099946.785736
221.79299999999995 7999.3733619437035 4531444250895.722 -21721570375.01046
222.09149999999997 7967.258373002613 4532919334048.642 -21694105860.166092
222.38999999999996 7935.3150633408095 4534392453709.423 -21666706164.175686
222.68849999999998 7903.542287291473 4535863615098.247 -21639371050.143265
222.98699999999997 7871.93890835003 4537332823414.502 -21612100282.346325
223.28549999999996 7840.50379908875 4538800083836.9 -21584893626.228653
223.58399999999997 7809.235841072299 4540265401523.582 -21557750848.392895
223.88249999999996 7778.13392477418 4541728781612.227 -21530671716.593407
224.18099999999995 7747.196949494031 4543190229220.162 -21503655999.729073
224.47949999999997 7716.423823275837 4544649749444.467 -21476703467.83615
224.77799999999996 7685.813462826994 4546107347362.085 -21449813892.081226
225.07649999999995 7655.364793438208 4547563028029.925 -21422987044.75429
225.37499999999997 7625.076748904267 4549016796484.969 -21396222699.261528
225.67349999999996 7594.948271445645 4550468657744.373 -21369520630.118744
225.97199999999995 7564.978311630906 4551918616805.576 -21342880612.944263
226.27049999999997 7535.165828299948 4553366678646.402 -21316302424.45219
226.56899999999996 7505.5097884880515 4554812848225.158 -21289785842.445618
226.86749999999995 7476.009167350704 4556257130480.741 -21263330645.80994
227.16599999999997 7446.662948089234 4557699530332.739 -21236936614.50637
227.46449999999996 7417.470121877216 4559140052681.527 -21210603529.565006
227.76299999999995 7388.429687787633 4560578702408.371 -21184331173.07856
228.06149999999997 7359.540652720804 4562015484375.528 -21158119328.195705
228.35999999999996 7330.802031333085 4563450403426.34 -21131967779.114666
228.65849999999998 7302.212845966262 4564883464385.335 -21105876311.076767
228.95699999999997 7273.772126577735 4566314672058.325 -21079844710.360085
229.25549999999996 7245.478910671373 4567744031232.501 -21053872764.27313
229.55399999999997 7217.332243229129 4569171546676.531 -21027960261.148624
229.85249999999996 7189.331176643332 4570597223140.652 -21002106990.33714
230.15099999999995 7161.474770649692 4572021065356.769 -20976312742.201103
230.44949999999997 7133.7620922609985 4573443078038.545 -20950577308.108604
230.74799999999996 7106.1922157015 4574863265881.499 -20924900480.42708
231.04649999999995 7078.764222341944 4576281633563.096 -20899282052.517612
231.34499999999997 7051.4772006353105 4577698185742.84 -20873721818.728775
231.64349999999996 7024.330246053195 4579112927062.366 -20848219574.390594
231.94199999999995 6997.322461022825 4580525862145.533 -20822775115.808834
232.24049999999997 6970.452954864754 4581936995598.512 -20797388240.25886
232.53899999999996 6943.720843731171 4583346332009.875 -20772058745.979992
232.83749999999995 6917.125250544846 4584753875950.69 -20746786432.169773
233.13599999999997 6890.665304938688 4586159631974.605 -20721571098.9781
233.43449999999996 6864.340143195953 4587563604617.939 -20696412547.50148
233.73299999999998 6838.148908191009 4588965798399.768 -20671310579.77749
234.03149999999997 6812.09074933075 4590366217822.011 -20646264998.779182
234.32999999999996 6786.164822496572 4591764867369.521 -20621275608.40936
234.62849999999997 6760.370289986953 4593161751510.173 -20596342213.495186
234.92699999999996 6734.70632046062 4594556874694.937 -20571464619.78252
235.22549999999995 6709.172088880269 4595950241357.978 -20546642633.93058
235.52399999999997 6683.766776456867 4597341855916.731 -20521876063.506466
235.82249999999996 6658.489570594528 4598731722771.992 -20497164716.979893
236.12099999999995 6633.339664835918 4600119846307.993 -20472508403.717678
236.41949999999997 6608.316258808221 4601506230892.494 -20447906933.978516
236.71799999999996 6583.418558169666 4602890880876.858 -20423360118.907776
237.01649999999995 6558.645774556548 4604273800596.139 -20398867770.532055
237.31499999999997 6533.997125530822 4605654994369.157 -20374429701.75435
237.61349999999996 6509.471834528211 4607034466498.585 -20350045726.348526
237.91199999999995 6485.06913080681 4608412221271.027 -20325715658.954422
238.21049999999997 6460.788249396225 4609788262957.097 -20301439315.072613
238.50899999999996 6436.62843104723 4611162595811.499 -20277216511.059658
238.80749999999995 6412.588922181882 4612535224073.107 -20253047064.122654
239.10599999999997 6388.668974844179 4613906151965.042 -20228930792.314682
239.40449999999996 6364.86784665119 4615275383694.751 -20204867514.529583
239.70299999999997 6341.184800744657 4616642923454.082 -20180857050.49712
240.00149999999996 6317.619105743099 4618008775419.366 -20156899220.778202
240.29999999999995 6294.17003569437 4619372943751.49 -20132993846.760014
240.59849999999997 6270.836870028704 4620735432595.972 -20109140750.651016
240.89699999999996 6247.6188935122145 4622096246083.037 -20085339755.476475
241.19549999999995 6224.515396200845 4623455388327.698 -20061590685.07357
241.49399999999997 6201.525673394791 4624812863429.822 -20037893364.086723
241.79249999999996 6178.649025593358 4626168675474.21 -20014247617.96291
242.09099999999995 6155.884758450261 4627522828530.667 -19990653272.947033
242.38949999999997 6133.232182729368 4628875326654.078 -19967110156.077263
242.68799999999996 6110.69061426089 4630226173884.482 -19943618095.18057
242.98649999999995 6088.259373897963 4631575374247.141 -19920176918.86814
243.28499999999997 6065.937787473696 4632922931752.61 -19896786456.530796
243.58349999999996 6043.725185758618 4634268850396.819 -19873446538.334732
243.88199999999995 6021.620904418533 4635613134161.131 -19850156995.216763
244.18049999999997 5999.6242839728075 4636955787012.421 -19826917658.88013
244.47899999999996 5977.734669753038 4638296812903.143 -19803728361.79003
244.77749999999997 5955.951411862144 4639636215771.402 -19780588937.16928
245.07599999999996 5934.273865133845 4640973999541.022 -19757499218.99398
245.37449999999995 5912.701389092526 4642310168121.613 -19734459041.989296
245.67299999999997 5891.233347913508 4643644725408.645 -19711468241.62506
245.97149999999996 5869.869110383688 4644977675283.509 -19688526654.111713
246.26999999999995 5848.608049862563 4646309021613.59 -19665634116.395832
246.56849999999997 5827.449544243634 4647638768252.334 -19642790466.1561
246.86699999999996 5806.392975916178 4648966919039.3125 -19619995541.799377
247.16549999999995 5785.437731727392 4650293477800.291 -19597249182.456135
247.46399999999997 5764.5832029448875 4651618448347.293 -19574551227.97671
247.76249999999996 5743.828785219574 4652941834478.667 -19551901518.927143
248.06099999999995 5723.173878548859 4654263639979.154 -19529299896.585003
248.35949999999997 5702.617887240236 4655583868619.949 -19506746202.935608
248.65799999999996 5682.1602198752025 4656902524158.767 -19484240280.66792
248.95649999999995 5661.800289273524 4658219610339.905 -19461781973.170578
249.25499999999997 5641.5375124578395 4659535130894.3125 -19439371124.527954
249.55349999999996 5621.37131061862 4660849089539.645 -19417007579.516373
249.85199999999995 5601.301109079426 4662161489980.336 -19394691183.600098
250.15049999999997 5581.326337262532 4663472335907.654 -19372421782.92752
250.44899999999996 5561.446428654865 4664781630999.769 -19350199224.32744
250.74749999999997 5541.66082077424 4666089378921.809 -19328023355.305084
251.04599999999996 5521.96895513597 4667395583325.926 -19305894024.038467
251.34449999999995 5502.370277219733 4668700247851.356 -19283811079.374573
251.64299999999997 5482.864236436797 4670003376124.482 -19261774370.825733
251.94149999999996 5463.450286097533 4671304971758.889 -19239783748.56588
252.23999999999995 5444.127883379233 4672605038355.427 -19217839063.426785
252.53849999999997 5424.896489294245 4673903579502.273 -19195940166.894493
252.83699999999996 5405.755568658393 4675200598774.988 -19174086911.105824
253.13549999999995 5386.704590059708 4676496099736.578 -19152279148.84447
253.43399999999997 5367.743025827433 4677790085937.548 -19130516733.537746
253.73249999999996 5348.870352001346 4679082560915.966 -19108799519.25278
254.03099999999995 5330.086048301339 4680373528197.517 -19087127360.693184
254.32949999999997 5311.38959809731 4681662991295.565 -19065500113.195396
254.62799999999996 5292.780488379317 4682950953711.207 -19043917632.725304
254.92649999999995 5274.258209728019 4684237418933.329 -19022379775.874714
255.22499999999997 5255.822256285385 4685522390438.665 -19000886399.85807
255.52349999999996 5237.472125725702 4686805871691.855 -18979437362.5088
255.82199999999997 5219.207319226802 4688087866145.497 -18958032522.27606
256.12049999999994 5201.027341441606 4689368377240.205 -18936671738.221508
256.4189999999999 5182.931700469911 4690647408404.664 -18915354870.01567
256.7174999999999 5164.919907830433 4691924963055.686 -18894081777.934788
257.0159999999999 5146.991478433119 4693201044598.262 -18872852322.857536
257.3144999999999 5129.145930551714 4694475656425.621 -18851666366.261715
257.61299999999994 5111.38278579657 4695748801919.279 -18830523770.22099
257.91149999999993 5093.701569087735 4697020484449.098 -18809424397.40158
258.2099999999999 5076.101808628246 4698290707373.333 -18788368111.05915
258.5084999999999 5058.5830358776975 4699559474038.692 -18767354775.035576
258.80699999999996 5041.144785526059 4700826787780.387 -18746384253.7557
259.10549999999995 5023.786595467715 4702092651922.181 -18725456412.224464
259.40399999999994 5006.508006775738 4703357069776.449 -18704571116.02337
259.70249999999993 4989.3085636764245 4704620044644.224 -18683728231.30769
260.0009999999999 4972.187813524034 4705881579815.251 -18662927624.803146
260.2994999999999 4955.145306775784 4707141678568.037 -18642169163.803066
260.59799999999996 4938.1805969670495 4708400344169.905 -18621452716.165054
260.89649999999995 4921.293240686821 4709657579877.042 -18600778150.30838
261.19499999999994 4904.4827975533435 4710913388934.55 -18580145335.210487
261.4934999999999 4887.748830190009 4712167774576.496 -18559554140.40431
261.7919999999999 4871.0909042014655 4713420740025.964 -18539004435.975163
262.0904999999999 4854.508588149923 4714672288495.104 -18518496092.557995
262.38899999999995 4838.001453531696 4715922423185.178 -18498028981.334133
262.68749999999994 4821.569074753958 4717171147286.614 -18477602974.028645
262.98599999999993 4805.211029111677 4718418463979.054 -18457217942.907265
263.2844999999999 4788.9268967647995 4719664376431.398 -18436873760.77362
263.5829999999999 4772.7162607156115 4720908887801.857 -18416570300.966343
263.88149999999996 4756.578706786316 4722152001238.002 -18396307437.35625
264.17999999999995 4740.513823596818 4723393719876.805 -18376085044.34347
264.47849999999994 4724.521202542692 4724634046844.694 -18355902996.854717
264.77699999999993 4708.600437773357 4725872985257.598 -18335761170.340378
265.0754999999999 4692.751126170457 4727110538220.987 -18315659440.771873
265.3739999999999 4676.9728673264135 4728346708829.933 -18295597684.638786
265.67249999999996 4661.265263523189 4729581500169.144 -18275575778.946312
265.97099999999995 4645.6279197112435 4730814915313.013 -18255593601.212337
266.26949999999994 4630.060443488648 4732046957325.668 -18235651029.464825
266.5679999999999 4614.562445080424 4733277629261.016 -18215747942.239235
266.8664999999999 4599.133537318041 4734506934162.782 -18195884218.575706
267.1649999999999 4583.773335619105 4735734875064.566 -18176059738.016403
267.46349999999995 4568.481457967228 4736961454989.879 -18156274380.603043
267.76199999999994 4553.257524892084 4738186676952.1875 -18136528026.8742
268.06049999999993 4538.10115944962 4739410543954.964 -18116820557.862583
268.3589999999999 4523.0119872024625 4740633058991.727 -18097151855.0927
268.6574999999999 4507.989636200495 4741854225046.086 -18077521800.57802
268.95599999999996 4493.033736961596 4743074045091.782 -18057930276.818764
269.25449999999995 4478.143922452568 4744292522092.739 -18038377166.798977
269.55299999999994 4463.319828070205 4745509659003.098 -18018862353.98432
269.85149999999993 4448.561091622553 4746725458767.265 -17999385722.319397
270.1499999999999 4433.8673533103265 4747939924319.952 -17979947156.225338
270.4484999999999 4419.2382557084875 4749153058586.223 -17960546540.59737
270.74699999999996 4404.673443747982 4750364864481.53 -17941183760.802296
271.04549999999995 4390.172564697656 4751575344911.762 -17921858702.676056
271.34399999999994 4375.735268146294 4752784502773.279 -17902571252.52138
271.6424999999999 4361.361205984862 4753992340952.963 -17883321297.10523
271.9409999999999 4347.050032388858 4755198862328.251 -17864108723.656544
272.2394999999999 4332.801403800856 4756404069767.179 -17844933419.86378
272.53799999999995 4318.614978913173 4757607966128.426 -17825795273.872677
272.83649999999994 4304.49041865072 4758810554261.35 -17806694174.283737
273.13499999999993 4290.427386153958 4760011837006.031 -17787630010.149925
273.4334999999999 4276.4255467620405 4761211817193.311 -17768602670.97449
273.7319999999999 4262.484567996089 4762410497644.833 -17749612046.708527
274.0304999999999 4248.604119542611 4763607881173.081 -17730658027.74865
274.32899999999995 4234.783873237064 4764803970581.424 -17711740504.93491
274.62749999999994 4221.023503047568 4765998768664.145 -17692859369.54831
274.92599999999993 4207.3226850587425 4767192278206.492 -17674014513.308655
275.2244999999999 4193.681097455705 4768384501984.711 -17655205828.37234
275.5229999999999 4180.09842050819 4769575442766.082 -17636433207.330063
275.82149999999996 4166.574336554814 4770765103308.964 -17617696543.20468
276.11999999999995 4153.10852998748 4771953486362.83 -17598995729.449062
276.41849999999994 4139.700687235899 4773140594668.305 -17580330659.94369
276.7169999999999 4126.35049675226 4774326430957.202 -17561701228.99477
277.0154999999999 4113.057648996036 4775510997952.566 -17543107331.331882
277.3139999999999 4099.821836418897 4776694298368.705 -17524548862.10584
277.61249999999995 4086.642753449779 4777876334911.23 -17506025716.88675
277.91099999999994 4073.5200964800683 4779057110277.093 -17487537791.661674
278.20949999999993 4060.453563848905 4780236627154.62 -17469084982.83263
278.5079999999999 4047.442855828631 4781414888223.556 -17450667187.21455
278.8064999999999 4034.487674610341 4782591896155.091 -17432284302.0331
279.1049999999999 4021.5877242895767 4783767653611.904 -17413936224.922714
279.40349999999995 4008.7427108521256 4784942163248.196 -17395622853.924427
279.70199999999994 3995.9523421599597 4786115427709.726 -17377344087.483944
280.00049999999993 3983.2163279372703 4787287449633.847 -17359099824.449554
280.2989999999999 3970.5343797566375 4788458231649.544 -17340889964.07014
280.5974999999999 3957.906211025317 4789627776377.465 -17322714405.993183
280.89599999999996 3945.3315369716333 4790796086429.96 -17304573050.26272
281.19449999999995 3932.810074631503 4791963164411.113 -17286465797.317432
281.49299999999994 3920.3415428350527 4793129012916.78 -17268392547.988705
281.7914999999999 3907.9256621933623 4794293634534.62 -17250353203.498493
282.0899999999999 3895.562155085326 4795457031844.133 -17232347665.457626
282.3884999999999 3883.2507456446065 4796619207416.691 -17214375835.8637
282.68699999999995 3870.9911597467103 4797780163815.576 -17196437617.09915
282.98549999999994 3858.7831249961805 4798939903596.01 -17178532911.929495
283.28399999999993 3846.6263707138696 4800098429305.189 -17160661623.501316
283.5824999999999 3834.52062792435 4801255743482.322 -17142823655.340452
283.8809999999999 3822.465629343409 4802411848658.658 -17125018911.35
284.1794999999999 3810.461109365656 4803566747357.5205 -17107247295.808592
284.47799999999995 3798.5068040522383 4804720442094.343 -17089508713.368494
284.77649999999994 3786.6024511186533 4805872935376.701 -17071803069.05367
285.07499999999993 3774.747789922655 4807024229704.344 -17054130268.258121
285.3734999999999 3762.9425614522825 4808174327569.226 -17036490216.74395
285.6719999999999 3751.1865083139637 4809323231455.543 -17018882820.639591
285.97049999999996 3739.479374720738 4810470943839.761 -17001307986.438019
286.26899999999995 3727.8209064805724 4811617467190.649 -16983765620.994858
286.56749999999994 3716.2108509847567 4812762803969.3125 -16966255631.526894
286.86599999999993 3704.648957196422 4813906956629.223 -16948777925.609888
287.1644999999999 3693.1349756391373 4815049927616.249 -16931332411.177216
287.4629999999999 3681.6686583856053 4816191719368.691 -16913918996.517881
287.76149999999996 3670.24975904645 4817332334317.31 -16896537590.274876
288.05999999999995 3658.8780327591044 4818471774885.358 -16879188101.443384
288.35849999999994 3647.553236176776 4819610043488.611 -16861870439.3692
288.6569999999999 3636.275127457513 4820747142535.397 -16844584513.746887
288.9554999999999 3625.0434662533617 4821883074426.632 -16827330234.618128
289.2539999999999 3613.858013699608 4823017841555.841 -16810107512.370043
289.55249999999995 3602.718532404107 4824151446309.199 -16792916257.73365
289.85099999999994 3591.6247864367124 4825283891065.553 -16775756381.781876
290.14949999999993 3580.5765413187714 4826415178196.455 -16758627795.928259
290.4479999999999 3569.573564012718 4827545310066.195 -16741530411.925043
290.7464999999999 3558.6156229117605 4828674289031.823 -16724464141.861761
291.04499999999996 3547.7024878296306 4829802117443.186 -16707428898.163324
291.34349999999995 3536.8339299904433 4830928797642.952 -16690424593.588697
291.64199999999994 3526.009722018611 4832054331966.643 -16673451141.229172
291.94049999999993 3515.229637928864 4833178722742.662 -16656508454.506638
292.2389999999999 3504.493453116337 4834301972292.322 -16639596447.172274
292.5374999999999 3493.8009443467467 4835424082929.877 -16622715033.304762
292.83599999999996 3483.1518897466362 4836545056962.545 -16605864127.308739
293.13449999999995 3472.5460687937216 4837664896690.544 -16589043643.913273
293.43299999999994 3461.9832623072825 4838783604407.113 -16572253498.170319
293.7314999999999 3451.463252438664 4839901182398.548 -16555493605.453194
294.0299999999999 3440.985822661837 4841017632944.221 -16538763881.454914
294.3284999999999 3430.550757764038 4842132958316.616 -16522064242.186901
294.62699999999995 3420.1578438364863 4843247160781.354 -16505394603.977173
294.92549999999994 3409.806868265182 4844360242597.215 -16488754883.46916
295.22399999999993 3399.497619721759 4845472206016.175 -16472144997.619957
295.5224999999999 3389.2298881544352 4846583053283.427 -16455564863.698925
295.8209999999999 3379.0034647790203 4847692786637.411 -16439014399.286207
296.1194999999999 3368.8181420700025 4848801408309.841 -16422493522.271166
296.41799999999995 3358.673713751699 4849908920525.727 -16406002150.851143
296.71649999999994 3348.5699747894932 4851015325503.408 -16389540203.529783
297.01499999999993 3338.506721381125 4852120625454.578 -16373107599.115683
297.3134999999999 3328.483750948056 4853224822584.31 -16356704256.720901
297.6119999999999 3318.500862126911 4854327919091.081 -16340330095.759642
297.91049999999996 3308.557854760979 4855429917166.805 -16323985035.94657
298.20899999999995 3298.654529891791 4856530818996.851 -16307668997.295786
298.50749999999994 3288.790689750749 4857630626760.073 -16291381900.119055
298.8059999999999 3278.9661377508455 4858729342628.838 -16275123665.024626
299.1044999999999 3269.180678478421 4859826968769.048 -16258894212.91572
299.4029999999999 3259.434117685017 4860923507340.166 -16242693464.98921
299.70149999999995 3249.726262279264 4862018960495.244 -16226521342.734335
299.99999999999994 3240.05692031886 4863113330380.946 -16210377767.931084
